feat	diff_pep	diff_fdr	diff_bf	cv_map	cv_ci_lower	cv_ci_upper
FLNC	1.10e-1	1.10e-1	8.08	0.69	0.46	0.71
KIAA1462	2.54e-1	1.82e-1	2.93	0.60	0.44	0.64
SPTBN1	3.97e-1	2.54e-1	1.52	0.97	0.39	1.14
AFAP1	7.01e-1	3.66e-1	0.43	0.51	0.35	0.97
DYNC1H1	7.81e-1	4.49e-1	0.28	0.93	0.33	0.93
PRPF8	8.81e-1	5.21e-1	0.13	0.67	0.29	0.89
SPTAN1	9.44e-1	5.81e-1	0.06	0.83	0.25	0.83
NES	9.97e-1	6.33e-1	0.00	0.44	0.30	0.48
SLC18A2	1.00e0	6.74e-1	0.00	0.21	0.13	0.36
RAB3B	1.00e0	7.06e-1	0.00	0.40	0.25	0.44
GPRIN1	1.00e0	7.33e-1	0.00	0.24	0.15	0.37
TMEM104	1.00e0	7.55e-1	0.00	0.22	0.13	0.36
SCN3A	1.00e0	7.74e-1	0.00	0.21	0.13	0.35
LPPR4	1.00e0	7.90e-1	0.00	0.20	0.12	0.32
RALGAPA1P	1.00e0	8.04e-1	0.00	0.20	0.12	0.34
CES2	1.00e0	8.16e-1	0.00	0.21	0.15	0.36
SALL2	1.00e0	8.27e-1	0.00	0.21	0.14	0.34
DMXL2	1.00e0	8.37e-1	0.00	0.21	0.14	0.38
RP11-566E18.3	1.00e0	8.45e-1	0.00	0.18	0.07	0.29
STARD9	1.00e0	8.53e-1	0.00	0.22	0.11	0.33
ZNF813	1.00e0	8.60e-1	0.00	0.22	0.09	0.31
CERS6	1.00e0	8.66e-1	0.00	0.23	0.08	0.32
ZNF280C	1.00e0	8.72e-1	0.00	0.20	0.08	0.31
OSBPL6	1.00e0	8.77e-1	0.00	0.21	0.09	0.31
JRK	1.00e0	8.82e-1	0.00	0.21	0.09	0.31
CBX2	1.00e0	8.87e-1	0.00	0.23	0.08	0.29
DCLRE1A	1.00e0	8.91e-1	0.00	0.21	0.10	0.32
ARL4C	1.00e0	8.95e-1	0.00	0.22	0.12	0.33
SWT1	1.00e0	8.99e-1	0.00	0.18	0.05	0.27
SEMA6D	1.00e0	9.02e-1	0.00	0.24	0.15	0.37
TOP3A	1.00e0	9.05e-1	0.00	0.32	0.15	0.39
GPRC5B	1.00e0	9.08e-1	0.00	0.24	0.12	0.34
MAP3K14	1.00e0	9.11e-1	0.00	0.15	0.07	0.27
SLC2A12	1.00e0	9.13e-1	0.00	0.20	0.07	0.30
ARSG	1.00e0	9.16e-1	0.00	0.19	0.08	0.30
FLRT3	1.00e0	9.18e-1	0.00	0.25	0.11	0.32
SLC30A4	1.00e0	9.20e-1	0.00	0.19	0.10	0.29
ZNF25	1.00e0	9.22e-1	0.00	0.11	0.02	0.27
KRBA1	1.00e0	9.24e-1	0.00	0.18	0.09	0.31
URB2	1.00e0	9.26e-1	0.00	0.18	0.06	0.31
FAM26E	1.00e0	9.28e-1	0.00	0.26	0.12	0.32
KIAA1147	1.00e0	9.30e-1	0.00	0.16	0.07	0.28
LINC00641	1.00e0	9.31e-1	0.00	0.24	0.08	0.29
MOK	1.00e0	9.33e-1	0.00	0.16	0.09	0.29
LRRC8C	1.00e0	9.34e-1	0.00	0.23	0.12	0.33
URB1	1.00e0	9.36e-1	0.00	0.25	0.11	0.32
CDON	1.00e0	9.37e-1	0.00	0.13	0.07	0.29
ATP7B	1.00e0	9.39e-1	0.00	0.21	0.07	0.30
ITGA7	1.00e0	9.40e-1	0.00	0.23	0.07	0.28
DHX34	1.00e0	9.41e-1	0.00	0.20	0.15	0.37
CDKN2B	1.00e0	9.42e-1	0.00	0.20	0.15	0.37
GJA3	1.00e0	9.43e-1	0.00	0.24	0.11	0.34
ZSCAN30	1.00e0	9.44e-1	0.00	0.17	0.07	0.28
MBLAC2	1.00e0	9.45e-1	0.00	0.23	0.10	0.32
ZNF33B	1.00e0	9.46e-1	0.00	0.24	0.12	0.32
TMED8	1.00e0	9.47e-1	0.00	0.19	0.07	0.28
DDX60	1.00e0	9.48e-1	0.00	0.20	0.06	0.28
LPCAT2	1.00e0	9.49e-1	0.00	0.19	0.04	0.25
NCR3LG1	1.00e0	9.50e-1	0.00	0.14	0.07	0.28
LSM11	1.00e0	9.51e-1	0.00	0.21	0.11	0.34
KIF18B	1.00e0	9.52e-1	0.00	0.19	0.12	0.33
SUSD5	1.00e0	9.52e-1	0.00	0.26	0.11	0.31
SYT1	1.00e0	9.53e-1	0.00	0.22	0.07	0.30
DNA2	1.00e0	9.54e-1	0.00	0.20	0.11	0.30
NAPEPLD	1.00e0	9.55e-1	0.00	0.25	0.10	0.29
ZNF230	1.00e0	9.55e-1	0.00	0.15	0.08	0.30
ZNF71	1.00e0	9.56e-1	0.00	0.22	0.13	0.34
MKL2	1.00e0	9.57e-1	0.00	0.25	0.12	0.33
DDX26B	1.00e0	9.57e-1	0.00	0.23	0.07	0.30
IQGAP3	1.00e0	9.58e-1	0.00	0.17	0.08	0.32
AGPS	1.00e0	9.58e-1	0.00	0.26	0.12	0.34
THADA	1.00e0	9.59e-1	0.00	0.15	0.09	0.30
YOD1	1.00e0	9.59e-1	0.00	0.14	0.04	0.28
VDR	1.00e0	9.60e-1	0.00	0.20	0.09	0.31
KLHL25	1.00e0	9.61e-1	0.00	0.23	0.09	0.30
LOXL4	1.00e0	9.61e-1	0.00	0.20	0.13	0.35
APOLD1	1.00e0	9.62e-1	0.00	0.23	0.10	0.32
ARL10	1.00e0	9.62e-1	0.00	0.16	0.08	0.28
GTF3C4	1.00e0	9.63e-1	0.00	0.19	0.07	0.28
IGHMBP2	1.00e0	9.63e-1	0.00	0.21	0.08	0.28
ZNF783	1.00e0	9.63e-1	0.00	0.25	0.10	0.27
FAM8A1	1.00e0	9.64e-1	0.00	0.22	0.08	0.28
SH3BGRL2	1.00e0	9.64e-1	0.00	0.27	0.07	0.29
VSIG10	1.00e0	9.65e-1	0.00	0.20	0.11	0.32
ADAMTS3	1.00e0	9.65e-1	0.00	0.24	0.11	0.33
CRY2	1.00e0	9.66e-1	0.00	0.18	0.09	0.30
NINL	1.00e0	9.66e-1	0.00	0.22	0.14	0.33
SENP1	1.00e0	9.66e-1	0.00	0.20	0.11	0.31
ZKSCAN2	1.00e0	9.67e-1	0.00	0.18	0.06	0.26
ANKRD32	1.00e0	9.67e-1	0.00	0.19	0.13	0.31
FZD4	1.00e0	9.67e-1	0.00	0.18	0.08	0.27
GPAM	1.00e0	9.68e-1	0.00	0.19	0.13	0.33
C4orf21	1.00e0	9.68e-1	0.00	0.20	0.04	0.28
ZBTB34	1.00e0	9.68e-1	0.00	0.23	0.10	0.31
MEGF9	1.00e0	9.69e-1	0.00	0.17	0.09	0.31
UBOX5	1.00e0	9.69e-1	0.00	0.22	0.09	0.30
UBN2	1.00e0	9.69e-1	0.00	0.25	0.10	0.32
WDR5B	1.00e0	9.70e-1	0.00	0.25	0.08	0.29
ITGB8	1.00e0	9.70e-1	0.00	0.16	0.09	0.28
CD109	1.00e0	9.70e-1	0.00	0.21	0.10	0.28
ZNF470	1.00e0	9.71e-1	0.00	0.19	0.09	0.30
CASC5	1.00e0	9.71e-1	0.00	0.17	0.07	0.27
MLLT11	1.00e0	9.71e-1	0.00	0.13	0.03	0.24
AP1G2	1.00e0	9.71e-1	0.00	0.20	0.10	0.27
GAN	1.00e0	9.72e-1	0.00	0.12	0.04	0.24
WDR66	1.00e0	9.72e-1	0.00	0.18	0.11	0.32
ZNF41	1.00e0	9.72e-1	0.00	0.20	0.06	0.27
ERMAP	1.00e0	9.73e-1	0.00	0.17	0.06	0.27
FAM131B	1.00e0	9.73e-1	0.00	0.27	0.13	0.32
ASPM	1.00e0	9.73e-1	0.00	0.09	0.05	0.28
TBC1D22B	1.00e0	9.73e-1	0.00	0.17	0.09	0.28
TBC1D13	1.00e0	9.73e-1	0.00	0.20	0.11	0.29
ZFP28	1.00e0	9.74e-1	0.00	0.25	0.09	0.29
USPL1	1.00e0	9.74e-1	0.00	0.18	0.08	0.28
CARD10	1.00e0	9.74e-1	0.00	0.19	0.08	0.29
NIPAL2	1.00e0	9.74e-1	0.00	0.22	0.09	0.29
ESCO1	1.00e0	9.75e-1	0.00	0.24	0.11	0.30
TRERF1	1.00e0	9.75e-1	0.00	0.12	0.03	0.24
PLCL2	1.00e0	9.75e-1	0.00	0.14	0.06	0.27
TADA2B	1.00e0	9.75e-1	0.00	0.13	0.04	0.26
FAM120C	1.00e0	9.75e-1	0.00	0.19	0.09	0.28
CLN5	1.00e0	9.76e-1	0.00	0.18	0.11	0.30
PIGM	1.00e0	9.76e-1	0.00	0.27	0.13	0.33
PHKA1	1.00e0	9.76e-1	0.00	0.17	0.11	0.29
ZNF354C	1.00e0	9.76e-1	0.00	0.19	0.12	0.32
VCPIP1	1.00e0	9.76e-1	0.00	0.24	0.11	0.31
DDX60L	1.00e0	9.77e-1	0.00	0.20	0.07	0.29
SLC5A3	1.00e0	9.77e-1	0.00	0.18	0.07	0.29
ZSCAN20	1.00e0	9.77e-1	0.00	0.19	0.06	0.27
PTPLAD2	1.00e0	9.77e-1	0.00	0.20	0.07	0.27
BIRC3	1.00e0	9.77e-1	0.00	0.21	0.10	0.28
GPR155	1.00e0	9.77e-1	0.00	0.24	0.10	0.28
SLC1A1	1.00e0	9.78e-1	0.00	0.15	0.08	0.28
C10orf54	1.00e0	9.78e-1	0.00	0.22	0.09	0.30
TICRR	1.00e0	9.78e-1	0.00	0.20	0.09	0.31
PHKA2	1.00e0	9.78e-1	0.00	0.20	0.09	0.32
ZNF526	1.00e0	9.78e-1	0.00	0.17	0.07	0.30
FEM1C	1.00e0	9.78e-1	0.00	0.23	0.09	0.29
FITM2	1.00e0	9.79e-1	0.00	0.21	0.10	0.28
ATP9A	1.00e0	9.79e-1	0.00	0.21	0.11	0.31
GID4	1.00e0	9.79e-1	0.00	0.20	0.13	0.32
GIGYF1	1.00e0	9.79e-1	0.00	0.18	0.10	0.28
FBXO42	1.00e0	9.79e-1	0.00	0.13	0.04	0.26
FAM179B	1.00e0	9.79e-1	0.00	0.22	0.09	0.29
TARBP1	1.00e0	9.79e-1	0.00	0.13	0.06	0.27
VPS13C	1.00e0	9.80e-1	0.00	0.18	0.08	0.27
ATP10A	1.00e0	9.80e-1	0.00	0.22	0.15	0.33
CARD6	1.00e0	9.80e-1	0.00	0.24	0.12	0.33
FKBP5	1.00e0	9.80e-1	0.00	0.19	0.10	0.30
SPRY4	1.00e0	9.80e-1	0.00	0.16	0.09	0.28
DIO2	1.00e0	9.80e-1	0.00	0.18	0.10	0.29
HEXIM1	1.00e0	9.80e-1	0.00	0.20	0.08	0.29
NOTCH1	1.00e0	9.81e-1	0.00	0.06	0.03	0.28
RUNX2	1.00e0	9.81e-1	0.00	0.19	0.05	0.27
APH1B	1.00e0	9.81e-1	0.00	0.26	0.14	0.33
RWDD2A	1.00e0	9.81e-1	0.00	0.17	0.10	0.28
EFNB2	1.00e0	9.81e-1	0.00	0.22	0.09	0.29
CYP2U1	1.00e0	9.81e-1	0.00	0.27	0.14	0.35
LYRM7	1.00e0	9.81e-1	0.00	0.21	0.11	0.30
FAM53C	1.00e0	9.81e-1	0.00	0.20	0.12	0.32
DGKI	1.00e0	9.81e-1	0.00	0.18	0.10	0.28
ZNF175	1.00e0	9.82e-1	0.00	0.19	0.10	0.32
RP11-121C2.2	1.00e0	9.82e-1	0.00	0.20	0.12	0.31
SPICE1	1.00e0	9.82e-1	0.00	0.18	0.11	0.31
ZBTB5	1.00e0	9.82e-1	0.00	0.25	0.13	0.33
IQCE	1.00e0	9.82e-1	0.00	0.23	0.08	0.32
COL11A1	1.00e0	9.82e-1	0.00	0.14	0.03	0.24
LRRK1	1.00e0	9.82e-1	0.00	0.15	0.08	0.27
ABCC5	1.00e0	9.82e-1	0.00	0.20	0.13	0.32
WDR81	1.00e0	9.82e-1	0.00	0.27	0.17	0.35
MED23	1.00e0	9.83e-1	0.00	0.18	0.10	0.29
LMBRD2	1.00e0	9.83e-1	0.00	0.24	0.09	0.28
MEX3A	1.00e0	9.83e-1	0.00	0.17	0.09	0.28
WDR35	1.00e0	9.83e-1	0.00	0.20	0.07	0.26
WRN	1.00e0	9.83e-1	0.00	0.18	0.10	0.33
DIP2A	1.00e0	9.83e-1	0.00	0.19	0.11	0.30
CCSAP	1.00e0	9.83e-1	0.00	0.20	0.11	0.29
POMT2	1.00e0	9.83e-1	0.00	0.12	0.04	0.27
DPYD	1.00e0	9.83e-1	0.00	0.19	0.11	0.30
RNMT	1.00e0	9.83e-1	0.00	0.19	0.09	0.29
AFAP1L1	1.00e0	9.83e-1	0.00	0.23	0.13	0.31
ZBTB6	1.00e0	9.84e-1	0.00	0.22	0.08	0.26
NHLRC2	1.00e0	9.84e-1	0.00	0.17	0.11	0.32
PINK1-AS	1.00e0	9.84e-1	0.00	0.05	0.00	0.25
GLTSCR1L	1.00e0	9.84e-1	0.00	0.20	0.05	0.24
CASC7	1.00e0	9.84e-1	0.00	0.17	0.07	0.27
PTGFR	1.00e0	9.84e-1	0.00	0.20	0.09	0.27
HSPA4L	1.00e0	9.84e-1	0.00	0.21	0.04	0.25
ERN1	1.00e0	9.84e-1	0.00	0.18	0.07	0.28
FAM214A	1.00e0	9.84e-1	0.00	0.23	0.14	0.32
AHCTF1P1	1.00e0	9.84e-1	0.00	0.07	0.02	0.23
RP11-350F4.2	1.00e0	9.84e-1	0.00	0.21	0.14	0.34
CEP135	1.00e0	9.84e-1	0.00	0.24	0.11	0.31
ZNF275	1.00e0	9.85e-1	0.00	0.27	0.13	0.33
CAND2	1.00e0	9.85e-1	0.00	0.19	0.12	0.31
HAS2	1.00e0	9.85e-1	0.00	0.23	0.15	0.33
SLC9A5	1.00e0	9.85e-1	0.00	0.24	0.10	0.32
CSTF2T	1.00e0	9.85e-1	0.00	0.18	0.07	0.28
ATAD2B	1.00e0	9.85e-1	0.00	0.25	0.13	0.30
RAPGEF6	1.00e0	9.85e-1	0.00	0.18	0.09	0.29
ZBTB24	1.00e0	9.85e-1	0.00	0.24	0.08	0.28
DIEXF	1.00e0	9.85e-1	0.00	0.15	0.06	0.24
SLC35B4	1.00e0	9.85e-1	0.00	0.18	0.12	0.31
DZIP3	1.00e0	9.85e-1	0.00	0.24	0.10	0.30
RNF123	1.00e0	9.85e-1	0.00	0.28	0.22	0.38
PIK3R1	1.00e0	9.85e-1	0.00	0.17	0.06	0.28
C2orf44	1.00e0	9.86e-1	0.00	0.19	0.11	0.31
CLTCL1	1.00e0	9.86e-1	0.00	0.17	0.08	0.32
B3GALTL	1.00e0	9.86e-1	0.00	0.15	0.08	0.29
SP4	1.00e0	9.86e-1	0.00	0.19	0.11	0.31
C10orf118	1.00e0	9.86e-1	0.00	0.11	0.04	0.25
OXTR	1.00e0	9.86e-1	0.00	0.18	0.10	0.29
RCAN3	1.00e0	9.86e-1	0.00	0.20	0.09	0.27
ZNF652	1.00e0	9.86e-1	0.00	0.16	0.09	0.28
UBR3	1.00e0	9.86e-1	0.00	0.19	0.05	0.25
CUL9	1.00e0	9.86e-1	0.00	0.16	0.08	0.29
GPR180	1.00e0	9.86e-1	0.00	0.20	0.08	0.27
GPATCH1	1.00e0	9.86e-1	0.00	0.19	0.09	0.28
MED15	1.00e0	9.86e-1	0.00	0.16	0.08	0.27
DOCK11	1.00e0	9.86e-1	0.00	0.20	0.09	0.26
LPIN3	1.00e0	9.86e-1	0.00	0.19	0.04	0.24
ANGEL1	1.00e0	9.86e-1	0.00	0.16	0.08	0.28
RP11-496N12.9	1.00e0	9.87e-1	0.00	0.16	0.04	0.24
UBR2	1.00e0	9.87e-1	0.00	0.11	0.05	0.29
EVC2	1.00e0	9.87e-1	0.00	0.22	0.13	0.32
LEMD3	1.00e0	9.87e-1	0.00	0.26	0.12	0.31
SAMD9L	1.00e0	9.87e-1	0.00	0.22	0.12	0.31
UBXN2B	1.00e0	9.87e-1	0.00	0.18	0.11	0.31
CENPJ	1.00e0	9.87e-1	0.00	0.11	0.02	0.25
SYTL4	1.00e0	9.87e-1	0.00	0.25	0.12	0.32
ORC2	1.00e0	9.87e-1	0.00	0.26	0.12	0.32
QRICH2	1.00e0	9.87e-1	0.00	0.15	0.08	0.27
HIVEP1	1.00e0	9.87e-1	0.00	0.16	0.07	0.25
CHST3	1.00e0	9.87e-1	0.00	0.22	0.09	0.30
PHF16	1.00e0	9.87e-1	0.00	0.09	0.02	0.25
ZNF202	1.00e0	9.87e-1	0.00	0.14	0.07	0.25
WDR91	1.00e0	9.87e-1	0.00	0.24	0.14	0.33
ARSD	1.00e0	9.87e-1	0.00	0.18	0.10	0.29
GPD1L	1.00e0	9.87e-1	0.00	0.11	0.02	0.25
SOGA1	1.00e0	9.87e-1	0.00	0.18	0.09	0.32
BAHD1	1.00e0	9.88e-1	0.00	0.18	0.12	0.31
HSPA12A	1.00e0	9.88e-1	0.00	0.18	0.07	0.28
RAP1GAP2	1.00e0	9.88e-1	0.00	0.18	0.09	0.27
SLC41A2	1.00e0	9.88e-1	0.00	0.22	0.10	0.32
DHX57	1.00e0	9.88e-1	0.00	0.16	0.08	0.28
DSP	1.00e0	9.88e-1	0.00	0.19	0.12	0.29
PHLPP1	1.00e0	9.88e-1	0.00	0.21	0.12	0.31
WDR62	1.00e0	9.88e-1	0.00	0.17	0.10	0.28
DISP1	1.00e0	9.88e-1	0.00	0.19	0.12	0.28
BAIAP2L1	1.00e0	9.88e-1	0.00	0.18	0.04	0.25
TMEM194A	1.00e0	9.88e-1	0.00	0.18	0.09	0.26
ZNF248	1.00e0	9.88e-1	0.00	0.22	0.13	0.32
NUDT16	1.00e0	9.88e-1	0.00	0.14	0.07	0.29
KIAA0753	1.00e0	9.88e-1	0.00	0.20	0.07	0.27
SH2D5	1.00e0	9.88e-1	0.00	0.21	0.10	0.28
SEMA4F	1.00e0	9.88e-1	0.00	0.14	0.04	0.24
ATG14	1.00e0	9.88e-1	0.00	0.25	0.09	0.28
PRMT10	1.00e0	9.88e-1	0.00	0.21	0.13	0.29
PRKAB2	1.00e0	9.88e-1	0.00	0.20	0.03	0.25
TBC1D12	1.00e0	9.88e-1	0.00	0.23	0.10	0.28
FBXO45	1.00e0	9.88e-1	0.00	0.18	0.10	0.27
KIAA2018	1.00e0	9.88e-1	0.00	0.23	0.09	0.27
ZNF614	1.00e0	9.89e-1	0.00	0.20	0.08	0.26
KLHL15	1.00e0	9.89e-1	0.00	0.19	0.12	0.28
TRIM62	1.00e0	9.89e-1	0.00	0.17	0.09	0.26
SNIP1	1.00e0	9.89e-1	0.00	0.19	0.07	0.27
CDCA2	1.00e0	9.89e-1	0.00	0.10	0.04	0.24
LSM3	1.00e0	9.89e-1	0.00	0.23	0.10	0.29
USP38	1.00e0	9.89e-1	0.00	0.19	0.11	0.31
MAP3K6	1.00e0	9.89e-1	0.00	0.18	0.10	0.32
SLC24A1	1.00e0	9.89e-1	0.00	0.18	0.11	0.29
ZNF549	1.00e0	9.89e-1	0.00	0.13	0.06	0.27
BRI3BP	1.00e0	9.89e-1	0.00	0.27	0.15	0.34
KIAA1551	1.00e0	9.89e-1	0.00	0.05	0.00	0.26
C2orf49	1.00e0	9.89e-1	0.00	0.23	0.11	0.30
KLF11	1.00e0	9.89e-1	0.00	0.21	0.13	0.31
ARHGEF3	1.00e0	9.89e-1	0.00	0.26	0.12	0.33
FAM126B	1.00e0	9.89e-1	0.00	0.23	0.11	0.30
KIF14	1.00e0	9.89e-1	0.00	0.26	0.18	0.36
LRP4	1.00e0	9.89e-1	0.00	0.25	0.13	0.36
SLC12A7	1.00e0	9.89e-1	0.00	0.20	0.09	0.33
KLHL29	1.00e0	9.89e-1	0.00	0.14	0.07	0.31
RBM12B	1.00e0	9.89e-1	0.00	0.32	0.17	0.37
ERVK13-1	1.00e0	9.89e-1	0.00	0.21	0.13	0.31
RNF169	1.00e0	9.89e-1	0.00	0.19	0.11	0.32
AGTPBP1	1.00e0	9.89e-1	0.00	0.20	0.12	0.31
TCEANC2	1.00e0	9.89e-1	0.00	0.19	0.08	0.26
GOLGA8A	1.00e0	9.89e-1	0.00	0.19	0.08	0.28
TWISTNB	1.00e0	9.90e-1	0.00	0.21	0.08	0.28
ARHGEF10L	1.00e0	9.90e-1	0.00	0.18	0.11	0.28
USP6NL	1.00e0	9.90e-1	0.00	0.15	0.05	0.25
SLC12A2	1.00e0	9.90e-1	0.00	0.16	0.06	0.25
TOX	1.00e0	9.90e-1	0.00	0.14	0.05	0.25
MAGI3	1.00e0	9.90e-1	0.00	0.13	0.05	0.26
ZSCAN22	1.00e0	9.90e-1	0.00	0.20	0.07	0.29
NOL9	1.00e0	9.90e-1	0.00	0.14	0.06	0.28
CIT	1.00e0	9.90e-1	0.00	0.23	0.14	0.34
GMEB2	1.00e0	9.90e-1	0.00	0.15	0.08	0.26
ARHGAP20	1.00e0	9.90e-1	0.00	0.19	0.11	0.29
SFXN5	1.00e0	9.90e-1	0.00	0.22	0.13	0.30
RP11-18F14.2	1.00e0	9.90e-1	0.00	0.21	0.07	0.25
RBM26	1.00e0	9.90e-1	0.00	0.16	0.06	0.26
EXO1	1.00e0	9.90e-1	0.00	0.18	0.07	0.24
CNTRL	1.00e0	9.90e-1	0.00	0.17	0.07	0.27
RAB22A	1.00e0	9.90e-1	0.00	0.18	0.11	0.27
N6AMT1	1.00e0	9.90e-1	0.00	0.15	0.06	0.26
NEDD9	1.00e0	9.90e-1	0.00	0.21	0.12	0.32
RAP2B	1.00e0	9.90e-1	0.00	0.22	0.12	0.29
C1orf112	1.00e0	9.90e-1	0.00	0.21	0.13	0.30
ZFYVE26	1.00e0	9.90e-1	0.00	0.18	0.09	0.29
DAAM2	1.00e0	9.90e-1	0.00	0.20	0.11	0.32
SLC4A8	1.00e0	9.90e-1	0.00	0.23	0.15	0.34
TONSL	1.00e0	9.90e-1	0.00	0.18	0.09	0.27
TMEM260	1.00e0	9.90e-1	0.00	0.16	0.06	0.24
C5orf51	1.00e0	9.90e-1	0.00	0.06	0.05	0.23
ATXN1L	1.00e0	9.90e-1	0.00	0.18	0.11	0.33
ZNF480	1.00e0	9.90e-1	0.00	0.24	0.14	0.33
WDR7	1.00e0	9.90e-1	0.00	0.20	0.13	0.31
CDC25A	1.00e0	9.90e-1	0.00	0.18	0.09	0.31
C7orf41	1.00e0	9.91e-1	0.00	0.20	0.12	0.31
ZNF654	1.00e0	9.91e-1	0.00	0.24	0.13	0.32
ADCY7	1.00e0	9.91e-1	0.00	0.21	0.14	0.30
UBE2O	1.00e0	9.91e-1	0.00	0.13	0.05	0.28
ARHGAP29	1.00e0	9.91e-1	0.00	0.18	0.12	0.31
LRIF1	1.00e0	9.91e-1	0.00	0.17	0.10	0.28
CDAN1	1.00e0	9.91e-1	0.00	0.23	0.10	0.29
TTPAL	1.00e0	9.91e-1	0.00	0.23	0.13	0.33
BLM	1.00e0	9.91e-1	0.00	0.22	0.13	0.30
ITGA11	1.00e0	9.91e-1	0.00	0.18	0.10	0.27
NUAK1	1.00e0	9.91e-1	0.00	0.18	0.08	0.28
ZBTB11	1.00e0	9.91e-1	0.00	0.15	0.04	0.26
GM2A	1.00e0	9.91e-1	0.00	0.17	0.09	0.26
RELN	1.00e0	9.91e-1	0.00	0.20	0.05	0.23
LRP5	1.00e0	9.91e-1	0.00	0.23	0.18	0.39
HIP1R	1.00e0	9.91e-1	0.00	0.15	0.10	0.30
POLQ	1.00e0	9.91e-1	0.00	0.17	0.09	0.29
PCMTD2	1.00e0	9.91e-1	0.00	0.10	0.05	0.30
PAPOLG	1.00e0	9.91e-1	0.00	0.15	0.08	0.27
TTF2	1.00e0	9.91e-1	0.00	0.24	0.16	0.33
RNASEL	1.00e0	9.91e-1	0.00	0.16	0.10	0.29
ITPRIP	1.00e0	9.91e-1	0.00	0.22	0.09	0.28
VASH1	1.00e0	9.91e-1	0.00	0.17	0.10	0.28
ZNF280D	1.00e0	9.91e-1	0.00	0.16	0.08	0.27
TBC1D9	1.00e0	9.91e-1	0.00	0.18	0.09	0.27
DGKQ	1.00e0	9.91e-1	0.00	0.16	0.08	0.26
CBL	1.00e0	9.91e-1	0.00	0.05	0.00	0.20
LARS2	1.00e0	9.91e-1	0.00	0.21	0.12	0.33
CNTN3	1.00e0	9.91e-1	0.00	0.21	0.10	0.28
KIF15	1.00e0	9.91e-1	0.00	0.21	0.13	0.32
OFD1	1.00e0	9.91e-1	0.00	0.23	0.14	0.29
PLEKHG3	1.00e0	9.91e-1	0.00	0.17	0.09	0.28
ZNF45	1.00e0	9.91e-1	0.00	0.19	0.13	0.31
PER3	1.00e0	9.91e-1	0.00	0.16	0.08	0.26
C12orf4	1.00e0	9.91e-1	0.00	0.19	0.08	0.28
DMD	1.00e0	9.91e-1	0.00	0.21	0.14	0.31
FAM46C	1.00e0	9.91e-1	0.00	0.17	0.09	0.28
SIPA1L2	1.00e0	9.91e-1	0.00	0.24	0.12	0.28
ZBTB39	1.00e0	9.91e-1	0.00	0.16	0.08	0.26
EPB41	1.00e0	9.92e-1	0.00	0.27	0.12	0.32
POLR3B	1.00e0	9.92e-1	0.00	0.18	0.11	0.28
LRRC58	1.00e0	9.92e-1	0.00	0.21	0.11	0.30
CACNA1A	1.00e0	9.92e-1	0.00	0.22	0.11	0.30
UTP20	1.00e0	9.92e-1	0.00	0.18	0.09	0.28
ANKRD26	1.00e0	9.92e-1	0.00	0.22	0.08	0.27
PIK3R3	1.00e0	9.92e-1	0.00	0.20	0.07	0.27
DENND4C	1.00e0	9.92e-1	0.00	0.19	0.11	0.28
VANGL1	1.00e0	9.92e-1	0.00	0.17	0.08	0.24
ADAMTS15	1.00e0	9.92e-1	0.00	0.29	0.15	0.37
VWA8	1.00e0	9.92e-1	0.00	0.20	0.10	0.29
INSR	1.00e0	9.92e-1	0.00	0.16	0.09	0.28
SPAST	1.00e0	9.92e-1	0.00	0.17	0.07	0.26
HMCN1	1.00e0	9.92e-1	0.00	0.20	0.10	0.29
ZSWIM6	1.00e0	9.92e-1	0.00	0.10	0.04	0.24
PRDM15	1.00e0	9.92e-1	0.00	0.17	0.10	0.29
DUSP16	1.00e0	9.92e-1	0.00	0.20	0.14	0.30
BRCA2	1.00e0	9.92e-1	0.00	0.19	0.10	0.28
TANGO6	1.00e0	9.92e-1	0.00	0.17	0.09	0.26
MON2	1.00e0	9.92e-1	0.00	0.12	0.02	0.25
TMPPE	1.00e0	9.92e-1	0.00	0.21	0.12	0.29
RALGAPA2	1.00e0	9.92e-1	0.00	0.17	0.10	0.27
ZNF436	1.00e0	9.92e-1	0.00	0.24	0.16	0.32
ZNF697	1.00e0	9.92e-1	0.00	0.02	0.00	0.21
TMEM246	1.00e0	9.92e-1	0.00	0.18	0.12	0.27
PTPRU	1.00e0	9.92e-1	0.00	0.26	0.14	0.27
RPRD1B	1.00e0	9.92e-1	0.00	0.22	0.13	0.32
WDR55	1.00e0	9.92e-1	0.00	0.16	0.10	0.29
LPGAT1	1.00e0	9.92e-1	0.00	0.19	0.12	0.29
AP4E1	1.00e0	9.92e-1	0.00	0.23	0.11	0.27
ATM	1.00e0	9.92e-1	0.00	0.20	0.11	0.29
SNX30	1.00e0	9.92e-1	0.00	0.20	0.07	0.25
HELZ2	1.00e0	9.92e-1	0.00	0.20	0.12	0.30
NEK1	1.00e0	9.92e-1	0.00	0.23	0.16	0.33
INTS2	1.00e0	9.92e-1	0.00	0.16	0.06	0.24
CRYBG3	1.00e0	9.92e-1	0.00	0.11	0.03	0.25
ZNF407	1.00e0	9.92e-1	0.00	0.19	0.09	0.26
ENDOD1	1.00e0	9.92e-1	0.00	0.16	0.04	0.24
MCM9	1.00e0	9.92e-1	0.00	0.18	0.04	0.24
NPAT	1.00e0	9.92e-1	0.00	0.20	0.13	0.30
C11orf95	1.00e0	9.92e-1	0.00	0.15	0.08	0.28
IKZF5	1.00e0	9.92e-1	0.00	0.18	0.10	0.28
ZNF304	1.00e0	9.92e-1	0.00	0.29	0.11	0.32
SLC30A1	1.00e0	9.92e-1	0.00	0.21	0.10	0.28
BRD1	1.00e0	9.92e-1	0.00	0.14	0.07	0.28
ACSL1	1.00e0	9.92e-1	0.00	0.10	0.03	0.21
ZNF160	1.00e0	9.92e-1	0.00	0.16	0.07	0.26
ZSCAN29	1.00e0	9.92e-1	0.00	0.23	0.09	0.25
FBXO30	1.00e0	9.92e-1	0.00	0.17	0.10	0.24
CHML	1.00e0	9.92e-1	0.00	0.23	0.12	0.27
CLSPN	1.00e0	9.93e-1	0.00	0.13	0.05	0.20
C20orf194	1.00e0	9.93e-1	0.00	0.28	0.14	0.37
NACC2	1.00e0	9.93e-1	0.00	0.30	0.16	0.37
CD2AP	1.00e0	9.93e-1	0.00	0.19	0.11	0.30
WDR37	1.00e0	9.93e-1	0.00	0.20	0.12	0.29
MYPN	1.00e0	9.93e-1	0.00	0.19	0.11	0.31
LIG4	1.00e0	9.93e-1	0.00	0.19	0.11	0.27
PDE10A	1.00e0	9.93e-1	0.00	0.21	0.12	0.30
ANKRD50	1.00e0	9.93e-1	0.00	0.12	0.03	0.24
TMOD2	1.00e0	9.93e-1	0.00	0.18	0.11	0.28
ERMP1	1.00e0	9.93e-1	0.00	0.21	0.12	0.30
TBC1D8B	1.00e0	9.93e-1	0.00	0.18	0.08	0.25
ANKS1A	1.00e0	9.93e-1	0.00	0.15	0.08	0.29
ZDHHC21	1.00e0	9.93e-1	0.00	0.16	0.10	0.29
CDKL5	1.00e0	9.93e-1	0.00	0.17	0.09	0.28
ATR	1.00e0	9.93e-1	0.00	0.22	0.12	0.31
KLF3	1.00e0	9.93e-1	0.00	0.15	0.07	0.27
DOCK10	1.00e0	9.93e-1	0.00	0.21	0.13	0.31
TNFAIP3	1.00e0	9.93e-1	0.00	0.25	0.14	0.28
YTHDC2	1.00e0	9.93e-1	0.00	0.23	0.12	0.29
TSPYL4	1.00e0	9.93e-1	0.00	0.13	0.08	0.26
OTUD3	1.00e0	9.93e-1	0.00	0.17	0.09	0.25
WDHD1	1.00e0	9.93e-1	0.00	0.16	0.09	0.26
ERI1	1.00e0	9.93e-1	0.00	0.19	0.07	0.25
POLR3A	1.00e0	9.93e-1	0.00	0.22	0.10	0.25
RCOR1	1.00e0	9.93e-1	0.00	0.17	0.08	0.24
DTX3L	1.00e0	9.93e-1	0.00	0.17	0.09	0.30
RAI1	1.00e0	9.93e-1	0.00	0.19	0.12	0.32
NCKAP5L	1.00e0	9.93e-1	0.00	0.18	0.13	0.31
MAPKBP1	1.00e0	9.93e-1	0.00	0.22	0.13	0.31
STK10	1.00e0	9.93e-1	0.00	0.14	0.04	0.25
PLD2	1.00e0	9.93e-1	0.00	0.17	0.09	0.30
IPO9	1.00e0	9.93e-1	0.00	0.17	0.09	0.27
PEX1	1.00e0	9.93e-1	0.00	0.21	0.11	0.29
SNPH	1.00e0	9.93e-1	0.00	0.21	0.10	0.28
FAM83G	1.00e0	9.93e-1	0.00	0.20	0.10	0.28
PIKFYVE	1.00e0	9.93e-1	0.00	0.22	0.11	0.26
CLCN7	1.00e0	9.93e-1	0.00	0.15	0.07	0.24
CEP128	1.00e0	9.93e-1	0.00	0.22	0.13	0.27
SHC4	1.00e0	9.93e-1	0.00	0.20	0.13	0.29
FAM46A	1.00e0	9.93e-1	0.00	0.18	0.11	0.29
BROX	1.00e0	9.93e-1	0.00	0.19	0.12	0.31
ZFAT	1.00e0	9.93e-1	0.00	0.24	0.16	0.32
ZNF646	1.00e0	9.93e-1	0.00	0.22	0.14	0.32
TCF20	1.00e0	9.93e-1	0.00	0.08	0.04	0.26
MTF1	1.00e0	9.93e-1	0.00	0.20	0.12	0.29
DOPEY1	1.00e0	9.93e-1	0.00	0.28	0.14	0.29
SLC7A6OS	1.00e0	9.93e-1	0.00	0.13	0.05	0.22
NSD1	1.00e0	9.93e-1	0.00	0.25	0.18	0.38
EEF2K	1.00e0	9.93e-1	0.00	0.10	0.04	0.27
DHX37	1.00e0	9.93e-1	0.00	0.21	0.14	0.31
FRY	1.00e0	9.93e-1	0.00	0.18	0.10	0.31
ULK4	1.00e0	9.93e-1	0.00	0.23	0.15	0.32
PHLPP2	1.00e0	9.93e-1	0.00	0.20	0.09	0.26
ZNF252P	1.00e0	9.93e-1	0.00	0.18	0.05	0.23
FAN1	1.00e0	9.93e-1	0.00	0.23	0.12	0.29
ABCC10	1.00e0	9.93e-1	0.00	0.20	0.12	0.28
AKAP8	1.00e0	9.93e-1	0.00	0.18	0.10	0.26
C10orf12	1.00e0	9.93e-1	0.00	0.20	0.13	0.29
PAXIP1	1.00e0	9.93e-1	0.00	0.18	0.06	0.23
FCHSD2	1.00e0	9.93e-1	0.00	0.18	0.10	0.29
TRPC6	1.00e0	9.93e-1	0.00	0.11	0.04	0.23
MMGT1	1.00e0	9.93e-1	0.00	0.24	0.10	0.25
RP11-958N24.2	1.00e0	9.93e-1	0.00	0.19	0.12	0.30
AMPD3	1.00e0	9.93e-1	0.00	0.21	0.10	0.28
USP37	1.00e0	9.94e-1	0.00	0.17	0.09	0.31
SOCS4	1.00e0	9.94e-1	0.00	0.25	0.15	0.32
RASAL2	1.00e0	9.94e-1	0.00	0.21	0.15	0.31
KIAA0355	1.00e0	9.94e-1	0.00	0.10	0.04	0.23
RP11-159D12.9	1.00e0	9.94e-1	0.00	0.14	0.05	0.25
TMX4	1.00e0	9.94e-1	0.00	0.21	0.11	0.28
ZBTB41	1.00e0	9.94e-1	0.00	0.24	0.13	0.27
DOCK5	1.00e0	9.94e-1	0.00	0.15	0.06	0.23
DTX4	1.00e0	9.94e-1	0.00	0.18	0.09	0.24
DARS2	1.00e0	9.94e-1	0.00	0.16	0.05	0.21
CEP85	1.00e0	9.94e-1	0.00	0.22	0.13	0.31
ARL3	1.00e0	9.94e-1	0.00	0.24	0.14	0.32
USP20	1.00e0	9.94e-1	0.00	0.21	0.13	0.33
FMNL2	1.00e0	9.94e-1	0.00	0.23	0.15	0.33
VPS13A	1.00e0	9.94e-1	0.00	0.23	0.16	0.33
CIC	1.00e0	9.94e-1	0.00	0.21	0.12	0.33
DNAH5	1.00e0	9.94e-1	0.00	0.20	0.12	0.30
MECOM	1.00e0	9.94e-1	0.00	0.19	0.11	0.29
LPHN3	1.00e0	9.94e-1	0.00	0.19	0.11	0.27
MTHFR	1.00e0	9.94e-1	0.00	0.19	0.09	0.26
DENND6A	1.00e0	9.94e-1	0.00	0.23	0.10	0.29
ZNF512B	1.00e0	9.94e-1	0.00	0.21	0.14	0.29
MCM2	1.00e0	9.94e-1	0.00	0.17	0.10	0.26
SLC9A6	1.00e0	9.94e-1	0.00	0.19	0.07	0.25
ARHGEF6	1.00e0	9.94e-1	0.00	0.19	0.07	0.24
FOXJ2	1.00e0	9.94e-1	0.00	0.16	0.06	0.24
SESN2	1.00e0	9.94e-1	0.00	0.18	0.08	0.27
ZNF317	1.00e0	9.94e-1	0.00	0.19	0.10	0.25
HECTD2	1.00e0	9.94e-1	0.00	0.16	0.07	0.24
EPHA2	1.00e0	9.94e-1	0.00	0.17	0.07	0.25
TOPORS	1.00e0	9.94e-1	0.00	0.09	0.04	0.24
TULP4	1.00e0	9.94e-1	0.00	0.20	0.12	0.29
MAFG	1.00e0	9.94e-1	0.00	0.23	0.14	0.28
HEATR5B	1.00e0	9.94e-1	0.00	0.23	0.13	0.31
GEMIN4	1.00e0	9.94e-1	0.00	0.12	0.07	0.27
SERTAD2	1.00e0	9.94e-1	0.00	0.20	0.11	0.31
QTRTD1	1.00e0	9.94e-1	0.00	0.14	0.09	0.25
NOM1	1.00e0	9.94e-1	0.00	0.14	0.08	0.27
C2CD3	1.00e0	9.94e-1	0.00	0.14	0.05	0.26
BRIP1	1.00e0	9.94e-1	0.00	0.24	0.14	0.27
CTCF	1.00e0	9.94e-1	0.00	0.11	0.04	0.22
PARP14	1.00e0	9.94e-1	0.00	0.07	0.04	0.20
PHF13	1.00e0	9.94e-1	0.00	0.19	0.11	0.29
C17orf51	1.00e0	9.94e-1	0.00	0.21	0.13	0.27
ITPR1	1.00e0	9.94e-1	0.00	0.22	0.13	0.28
ALMS1	1.00e0	9.94e-1	0.00	0.26	0.16	0.32
LMTK2	1.00e0	9.94e-1	0.00	0.19	0.09	0.26
WASH5P	1.00e0	9.94e-1	0.00	0.14	0.06	0.24
KDM1B	1.00e0	9.94e-1	0.00	0.23	0.14	0.31
ARFGEF1	1.00e0	9.94e-1	0.00	0.18	0.08	0.25
RP11-473I1.10	1.00e0	9.94e-1	0.00	0.21	0.07	0.27
ADCY6	1.00e0	9.94e-1	0.00	0.20	0.13	0.31
CEP41	1.00e0	9.94e-1	0.00	0.26	0.14	0.30
COG3	1.00e0	9.94e-1	0.00	0.24	0.13	0.29
TBC1D16	1.00e0	9.94e-1	0.00	0.10	0.05	0.25
SERAC1	1.00e0	9.94e-1	0.00	0.23	0.15	0.30
FAM129A	1.00e0	9.94e-1	0.00	0.20	0.13	0.31
LRCH2	1.00e0	9.94e-1	0.00	0.14	0.06	0.24
ARHGEF9	1.00e0	9.94e-1	0.00	0.19	0.13	0.30
GUF1	1.00e0	9.94e-1	0.00	0.16	0.09	0.27
SMC6	1.00e0	9.94e-1	0.00	0.22	0.10	0.27
MAP7D3	1.00e0	9.94e-1	0.00	0.22	0.16	0.32
FAM198B	1.00e0	9.94e-1	0.00	0.19	0.10	0.24
CAPN15	1.00e0	9.94e-1	0.00	0.21	0.12	0.30
UHRF1BP1	1.00e0	9.94e-1	0.00	0.30	0.16	0.34
ENTPD7	1.00e0	9.94e-1	0.00	0.19	0.09	0.27
HMGXB3	1.00e0	9.94e-1	0.00	0.18	0.09	0.29
CEP192	1.00e0	9.94e-1	0.00	0.17	0.11	0.29
TTI1	1.00e0	9.94e-1	0.00	0.16	0.10	0.26
MAVS	1.00e0	9.94e-1	0.00	0.11	0.04	0.23
ANPEP	1.00e0	9.94e-1	0.00	0.17	0.05	0.23
AGL	1.00e0	9.94e-1	0.00	0.19	0.12	0.28
TPCN1	1.00e0	9.94e-1	0.00	0.15	0.07	0.27
AVL9	1.00e0	9.94e-1	0.00	0.19	0.07	0.25
INPP5F	1.00e0	9.94e-1	0.00	0.21	0.13	0.29
BRPF1	1.00e0	9.94e-1	0.00	0.15	0.09	0.25
FASN	1.00e0	9.94e-1	0.00	0.16	0.11	0.30
SIDT2	1.00e0	9.94e-1	0.00	0.06	0.03	0.23
TRPS1	1.00e0	9.94e-1	0.00	0.17	0.07	0.26
HIVEP2	1.00e0	9.94e-1	0.00	0.18	0.12	0.28
CCDC117	1.00e0	9.94e-1	0.00	0.22	0.07	0.25
CNTLN	1.00e0	9.94e-1	0.00	0.21	0.13	0.28
ELMSAN1	1.00e0	9.94e-1	0.00	0.21	0.13	0.32
BRWD1	1.00e0	9.94e-1	0.00	0.14	0.06	0.24
C18orf25	1.00e0	9.94e-1	0.00	0.16	0.10	0.26
PIK3CA	1.00e0	9.94e-1	0.00	0.12	0.07	0.23
C16orf72	1.00e0	9.94e-1	0.00	0.13	0.02	0.20
TIMELESS	1.00e0	9.94e-1	0.00	0.16	0.06	0.21
ETV5	1.00e0	9.94e-1	0.00	0.26	0.20	0.37
IL17RA	1.00e0	9.94e-1	0.00	0.23	0.12	0.30
C2CD5	1.00e0	9.94e-1	0.00	0.22	0.15	0.33
ATG16L1	1.00e0	9.95e-1	0.00	0.09	0.05	0.26
TDRD7	1.00e0	9.95e-1	0.00	0.20	0.12	0.30
SLC12A6	1.00e0	9.95e-1	0.00	0.27	0.19	0.37
AGGF1	1.00e0	9.95e-1	0.00	0.19	0.12	0.27
SPRED2	1.00e0	9.95e-1	0.00	0.17	0.11	0.27
VPS13D	1.00e0	9.95e-1	0.00	0.15	0.08	0.23
NRDE2	1.00e0	9.95e-1	0.00	0.11	0.07	0.20
ERCC6L	1.00e0	9.95e-1	0.00	0.22	0.12	0.27
MANEA	1.00e0	9.95e-1	0.00	0.20	0.13	0.30
ADO	1.00e0	9.95e-1	0.00	0.23	0.14	0.32
ITSN2	1.00e0	9.95e-1	0.00	0.23	0.16	0.30
MED14	1.00e0	9.95e-1	0.00	0.27	0.07	0.30
GREM2	1.00e0	9.95e-1	0.00	0.16	0.09	0.26
TMEM110	1.00e0	9.95e-1	0.00	0.20	0.13	0.30
SACS	1.00e0	9.95e-1	0.00	0.19	0.11	0.29
BDP1	1.00e0	9.95e-1	0.00	0.26	0.17	0.35
MDN1	1.00e0	9.95e-1	0.00	0.19	0.12	0.30
ULK2	1.00e0	9.95e-1	0.00	0.21	0.14	0.30
LRIG3	1.00e0	9.95e-1	0.00	0.15	0.06	0.21
GTF3C2	1.00e0	9.95e-1	0.00	0.06	0.02	0.22
SOX11	1.00e0	9.95e-1	0.00	0.19	0.10	0.25
SV2A	1.00e0	9.95e-1	0.00	0.22	0.13	0.28
MSH3	1.00e0	9.95e-1	0.00	0.15	0.09	0.23
FAM217B	1.00e0	9.95e-1	0.00	0.18	0.09	0.24
CSPG4	1.00e0	9.95e-1	0.00	0.20	0.13	0.33
PIK3CD	1.00e0	9.95e-1	0.00	0.20	0.14	0.34
KNTC1	1.00e0	9.95e-1	0.00	0.15	0.10	0.26
PDS5B	1.00e0	9.95e-1	0.00	0.15	0.07	0.21
AHNAK2	1.00e0	9.95e-1	0.00	0.22	0.15	0.32
VTI1A	1.00e0	9.95e-1	0.00	0.18	0.09	0.25
ZBTB21	1.00e0	9.95e-1	0.00	0.19	0.12	0.25
BICD2	1.00e0	9.95e-1	0.00	0.04	0.00	0.22
AFF4	1.00e0	9.95e-1	0.00	0.19	0.10	0.27
FAM13B	1.00e0	9.95e-1	0.00	0.31	0.19	0.38
URGCP	1.00e0	9.95e-1	0.00	0.19	0.12	0.29
DGKZP1	1.00e0	9.95e-1	0.00	0.08	0.04	0.25
SENP5	1.00e0	9.95e-1	0.00	0.04	0.00	0.22
BCL9	1.00e0	9.95e-1	0.00	0.20	0.11	0.31
ZNF776	1.00e0	9.95e-1	0.00	0.23	0.16	0.33
ZNF687	1.00e0	9.95e-1	0.00	0.24	0.15	0.30
ST3GAL2	1.00e0	9.95e-1	0.00	0.20	0.11	0.28
PRDM4	1.00e0	9.95e-1	0.00	0.19	0.10	0.26
ASAP2	1.00e0	9.95e-1	0.00	0.18	0.11	0.27
ITGA6	1.00e0	9.95e-1	0.00	0.15	0.07	0.22
TSTD2	1.00e0	9.95e-1	0.00	0.18	0.11	0.28
MKI67	1.00e0	9.95e-1	0.00	0.03	0.00	0.19
FOXK2	1.00e0	9.95e-1	0.00	0.16	0.10	0.27
KIAA2026	1.00e0	9.95e-1	0.00	0.18	0.07	0.25
ZNF445	1.00e0	9.95e-1	0.00	0.22	0.15	0.30
EIF4EBP2	1.00e0	9.95e-1	0.00	0.07	0.04	0.24
SMIM13	1.00e0	9.95e-1	0.00	0.23	0.08	0.26
KLF9	1.00e0	9.95e-1	0.00	0.18	0.09	0.25
XPO5	1.00e0	9.95e-1	0.00	0.20	0.10	0.25
TSPYL5	1.00e0	9.95e-1	0.00	0.27	0.11	0.29
RASGRF2	1.00e0	9.95e-1	0.00	0.19	0.11	0.26
QSER1	1.00e0	9.95e-1	0.00	0.24	0.12	0.28
CCDC93	1.00e0	9.95e-1	0.00	0.18	0.10	0.27
CAD	1.00e0	9.95e-1	0.00	0.17	0.09	0.27
FAM212B	1.00e0	9.95e-1	0.00	0.24	0.15	0.32
HPS5	1.00e0	9.95e-1	0.00	0.16	0.08	0.23
NLRX1	1.00e0	9.95e-1	0.00	0.20	0.11	0.26
FTSJD2	1.00e0	9.95e-1	0.00	0.18	0.09	0.24
BAG5	1.00e0	9.95e-1	0.00	0.16	0.04	0.21
SMCR8	1.00e0	9.95e-1	0.00	0.19	0.09	0.23
TAB3	1.00e0	9.95e-1	0.00	0.19	0.09	0.24
ZMYM3	1.00e0	9.95e-1	0.00	0.18	0.11	0.24
SEC24B	1.00e0	9.95e-1	0.00	0.20	0.11	0.26
CREBL2	1.00e0	9.95e-1	0.00	0.22	0.10	0.26
IFT122	1.00e0	9.95e-1	0.00	0.19	0.12	0.28
OSBPL2	1.00e0	9.95e-1	0.00	0.18	0.09	0.26
GSE1	1.00e0	9.95e-1	0.00	0.17	0.11	0.25
CTPS2	1.00e0	9.95e-1	0.00	0.26	0.18	0.35
MAP3K1	1.00e0	9.95e-1	0.00	0.19	0.09	0.24
EIF4ENIF1	1.00e0	9.95e-1	0.00	0.13	0.08	0.26
B4GALT5	1.00e0	9.95e-1	0.00	0.19	0.09	0.24
TEX2	1.00e0	9.95e-1	0.00	0.30	0.12	0.34
HPS4	1.00e0	9.95e-1	0.00	0.23	0.14	0.30
H6PD	1.00e0	9.95e-1	0.00	0.19	0.12	0.27
LIG3	1.00e0	9.95e-1	0.00	0.20	0.13	0.27
UST	1.00e0	9.95e-1	0.00	0.12	0.06	0.22
C11orf30	1.00e0	9.95e-1	0.00	0.18	0.09	0.26
RHOBTB1	1.00e0	9.95e-1	0.00	0.15	0.07	0.25
SMO	1.00e0	9.95e-1	0.00	0.19	0.12	0.25
DNAJC18	1.00e0	9.95e-1	0.00	0.15	0.06	0.22
MLLT4	1.00e0	9.95e-1	0.00	0.16	0.09	0.25
E2F3	1.00e0	9.95e-1	0.00	0.24	0.13	0.28
CENPF	1.00e0	9.95e-1	0.00	0.03	0.00	0.20
NOL6	1.00e0	9.95e-1	0.00	0.19	0.09	0.27
TECPR2	1.00e0	9.95e-1	0.00	0.16	0.09	0.28
FOXK1	1.00e0	9.95e-1	0.00	0.09	0.04	0.26
POLD3	1.00e0	9.95e-1	0.00	0.15	0.07	0.26
TARSL2	1.00e0	9.95e-1	0.00	0.20	0.12	0.27
NCOA1	1.00e0	9.95e-1	0.00	0.15	0.07	0.23
PDGFD	1.00e0	9.95e-1	0.00	0.16	0.07	0.25
RFX7	1.00e0	9.95e-1	0.00	0.16	0.08	0.27
RBM19	1.00e0	9.95e-1	0.00	0.12	0.07	0.24
ETV3	1.00e0	9.95e-1	0.00	0.18	0.12	0.25
FNIP1	1.00e0	9.95e-1	0.00	0.19	0.13	0.25
MCM8	1.00e0	9.95e-1	0.00	0.19	0.11	0.25
IQSEC1	1.00e0	9.95e-1	0.00	0.20	0.13	0.30
TBCD	1.00e0	9.95e-1	0.00	0.20	0.12	0.28
SLC25A44	1.00e0	9.95e-1	0.00	0.23	0.15	0.30
REV3L	1.00e0	9.95e-1	0.00	0.23	0.13	0.30
MAP3K5	1.00e0	9.95e-1	0.00	0.19	0.11	0.28
HEATR6	1.00e0	9.95e-1	0.00	0.11	0.05	0.23
MORC3	1.00e0	9.95e-1	0.00	0.07	0.03	0.21
SOWAHC	1.00e0	9.95e-1	0.00	0.20	0.13	0.30
DSEL	1.00e0	9.95e-1	0.00	0.22	0.16	0.31
ATP13A1	1.00e0	9.95e-1	0.00	0.24	0.18	0.35
NRIP1	1.00e0	9.95e-1	0.00	0.20	0.13	0.31
TUBGCP5	1.00e0	9.95e-1	0.00	0.21	0.15	0.32
CSRNP2	1.00e0	9.95e-1	0.00	0.24	0.16	0.33
ABHD13	1.00e0	9.95e-1	0.00	0.21	0.13	0.28
UBE4B	1.00e0	9.95e-1	0.00	0.14	0.09	0.29
SEMA5A	1.00e0	9.95e-1	0.00	0.19	0.11	0.27
ARID4A	1.00e0	9.95e-1	0.00	0.21	0.13	0.29
SIRT1	1.00e0	9.95e-1	0.00	0.21	0.13	0.28
UBL3	1.00e0	9.95e-1	0.00	0.18	0.10	0.24
NRIP3	1.00e0	9.95e-1	0.00	0.17	0.09	0.24
SLC1A4	1.00e0	9.95e-1	0.00	0.23	0.15	0.32
CCNF	1.00e0	9.95e-1	0.00	0.17	0.13	0.31
JARID2	1.00e0	9.95e-1	0.00	0.22	0.10	0.28
KCNMA1	1.00e0	9.95e-1	0.00	0.20	0.13	0.31
TRAPPC9	1.00e0	9.95e-1	0.00	0.22	0.15	0.30
ZCCHC6	1.00e0	9.95e-1	0.00	0.23	0.15	0.27
SMCR7L	1.00e0	9.95e-1	0.00	0.18	0.09	0.26
ZBED1	1.00e0	9.95e-1	0.00	0.25	0.18	0.34
AQR	1.00e0	9.95e-1	0.00	0.08	0.03	0.21
EXOC2	1.00e0	9.95e-1	0.00	0.17	0.11	0.26
TMEM57	1.00e0	9.95e-1	0.00	0.17	0.08	0.25
PDPK1	1.00e0	9.95e-1	0.00	0.18	0.07	0.25
PDCD11	1.00e0	9.95e-1	0.00	0.20	0.13	0.27
ZMAT3	1.00e0	9.96e-1	0.00	0.23	0.15	0.29
ASH1L	1.00e0	9.96e-1	0.00	0.15	0.05	0.21
USP34	1.00e0	9.96e-1	0.00	0.18	0.10	0.25
SSH2	1.00e0	9.96e-1	0.00	0.17	0.09	0.24
ZNF142	1.00e0	9.96e-1	0.00	0.27	0.18	0.29
SHROOM2	1.00e0	9.96e-1	0.00	0.25	0.17	0.29
INPP4A	1.00e0	9.96e-1	0.00	0.21	0.14	0.33
NUP214	1.00e0	9.96e-1	0.00	0.22	0.15	0.30
KIAA0247	1.00e0	9.96e-1	0.00	0.24	0.17	0.33
CTDP1	1.00e0	9.96e-1	0.00	0.23	0.13	0.29
NUDT3	1.00e0	9.96e-1	0.00	0.22	0.14	0.32
ASAP3	1.00e0	9.96e-1	0.00	0.25	0.16	0.32
SMAD9	1.00e0	9.96e-1	0.00	0.24	0.17	0.32
AREL1	1.00e0	9.96e-1	0.00	0.10	0.06	0.25
CEP170B	1.00e0	9.96e-1	0.00	0.23	0.09	0.28
NCOA6	1.00e0	9.96e-1	0.00	0.16	0.07	0.24
RYBP	1.00e0	9.96e-1	0.00	0.16	0.07	0.21
CACNA1C	1.00e0	9.96e-1	0.00	0.20	0.14	0.31
KIF7	1.00e0	9.96e-1	0.00	0.22	0.11	0.27
TRIM14	1.00e0	9.96e-1	0.00	0.16	0.13	0.29
TAF2	1.00e0	9.96e-1	0.00	0.20	0.12	0.30
AGO4	1.00e0	9.96e-1	0.00	0.20	0.13	0.27
UPF2	1.00e0	9.96e-1	0.00	0.19	0.11	0.24
BMPER	1.00e0	9.96e-1	0.00	0.18	0.12	0.26
ARID2	1.00e0	9.96e-1	0.00	0.17	0.10	0.24
ALPK1	1.00e0	9.96e-1	0.00	0.22	0.15	0.31
FAM171A1	1.00e0	9.96e-1	0.00	0.18	0.08	0.24
MED1	1.00e0	9.96e-1	0.00	0.22	0.13	0.26
MCUR1	1.00e0	9.96e-1	0.00	0.23	0.16	0.31
DIP2B	1.00e0	9.96e-1	0.00	0.19	0.10	0.26
SCAF8	1.00e0	9.96e-1	0.00	0.18	0.09	0.24
KAT6A	1.00e0	9.96e-1	0.00	0.09	0.04	0.25
NPR2	1.00e0	9.96e-1	0.00	0.14	0.09	0.23
SMG1	1.00e0	9.96e-1	0.00	0.13	0.06	0.21
AMMECR1L	1.00e0	9.96e-1	0.00	0.17	0.09	0.24
NUP155	1.00e0	9.96e-1	0.00	0.22	0.14	0.28
EPC2	1.00e0	9.96e-1	0.00	0.24	0.15	0.31
ATP11A	1.00e0	9.96e-1	0.00	0.24	0.18	0.31
PHF20	1.00e0	9.96e-1	0.00	0.07	0.04	0.22
C17orf70	1.00e0	9.96e-1	0.00	0.23	0.16	0.32
RMND5A	1.00e0	9.96e-1	0.00	0.22	0.14	0.29
EYA3	1.00e0	9.96e-1	0.00	0.18	0.10	0.28
ARHGAP18	1.00e0	9.96e-1	0.00	0.25	0.16	0.35
KIAA0754	1.00e0	9.96e-1	0.00	0.28	0.08	0.32
SIN3A	1.00e0	9.96e-1	0.00	0.25	0.12	0.29
PLXNA3	1.00e0	9.96e-1	0.00	0.12	0.09	0.28
AKAP11	1.00e0	9.96e-1	0.00	0.16	0.11	0.25
WDR60	1.00e0	9.96e-1	0.00	0.18	0.10	0.24
WDR48	1.00e0	9.96e-1	0.00	0.15	0.11	0.24
RC3H1	1.00e0	9.96e-1	0.00	0.17	0.13	0.26
GDF11	1.00e0	9.96e-1	0.00	0.18	0.12	0.32
MRAS	1.00e0	9.96e-1	0.00	0.25	0.18	0.32
AKAP9	1.00e0	9.96e-1	0.00	0.11	0.08	0.24
CABIN1	1.00e0	9.96e-1	0.00	0.30	0.17	0.38
TGS1	1.00e0	9.96e-1	0.00	0.31	0.12	0.33
ZMYND8	1.00e0	9.96e-1	0.00	0.20	0.13	0.25
RAPGEF1	1.00e0	9.96e-1	0.00	0.20	0.13	0.30
FOSB	1.00e0	9.96e-1	0.00	0.13	0.09	0.25
AKAP13	1.00e0	9.96e-1	0.00	0.16	0.10	0.23
RHOBTB2	1.00e0	9.96e-1	0.00	0.23	0.15	0.29
ABCA1	1.00e0	9.96e-1	0.00	0.14	0.11	0.24
ANKRD52	1.00e0	9.96e-1	0.00	0.17	0.08	0.22
STYX	1.00e0	9.96e-1	0.00	0.26	0.17	0.33
POGZ	1.00e0	9.96e-1	0.00	0.17	0.10	0.25
TTL	1.00e0	9.96e-1	0.00	0.24	0.15	0.31
KLF13	1.00e0	9.96e-1	0.00	0.25	0.16	0.28
NCOA3	1.00e0	9.96e-1	0.00	0.19	0.13	0.25
UBR1	1.00e0	9.96e-1	0.00	0.21	0.14	0.27
LNPEP	1.00e0	9.96e-1	0.00	0.17	0.10	0.23
WDFY2	1.00e0	9.96e-1	0.00	0.18	0.12	0.29
CLUH	1.00e0	9.96e-1	0.00	0.22	0.15	0.29
PCNXL3	1.00e0	9.96e-1	0.00	0.17	0.09	0.25
GTF3C1	1.00e0	9.96e-1	0.00	0.19	0.15	0.31
ZZEF1	1.00e0	9.96e-1	0.00	0.15	0.07	0.23
PAPD7	1.00e0	9.96e-1	0.00	0.18	0.08	0.23
EHMT1	1.00e0	9.96e-1	0.00	0.15	0.06	0.25
NOTCH2	1.00e0	9.96e-1	0.00	0.13	0.09	0.24
NOTCH3	1.00e0	9.96e-1	0.00	0.22	0.15	0.34
SETD2	1.00e0	9.96e-1	0.00	0.24	0.16	0.31
ZNFX1	1.00e0	9.96e-1	0.00	0.25	0.06	0.27
MICAL1	1.00e0	9.96e-1	0.00	0.13	0.09	0.31
FAM208B	1.00e0	9.96e-1	0.00	0.12	0.08	0.25
PTPN23	1.00e0	9.96e-1	0.00	0.19	0.07	0.23
KREMEN1	1.00e0	9.96e-1	0.00	0.24	0.18	0.31
FAM171B	1.00e0	9.96e-1	0.00	0.23	0.15	0.29
FNBP1L	1.00e0	9.96e-1	0.00	0.24	0.14	0.27
RRP12	1.00e0	9.96e-1	0.00	0.26	0.19	0.36
USP24	1.00e0	9.96e-1	0.00	0.22	0.12	0.26
GPR107	1.00e0	9.96e-1	0.00	0.02	0.00	0.23
CSPP1	1.00e0	9.96e-1	0.00	0.24	0.15	0.31
SSH1	1.00e0	9.96e-1	0.00	0.12	0.09	0.25
TUBGCP4	1.00e0	9.96e-1	0.00	0.19	0.12	0.27
HIRA	1.00e0	9.96e-1	0.00	0.22	0.14	0.33
SCAP	1.00e0	9.96e-1	0.00	0.13	0.08	0.23
HERC1	1.00e0	9.96e-1	0.00	0.18	0.15	0.28
KIDINS220	1.00e0	9.96e-1	0.00	0.06	0.02	0.19
LAMA1	1.00e0	9.96e-1	0.00	0.28	0.10	0.32
CRNKL1	1.00e0	9.96e-1	0.00	0.21	0.15	0.28
ABCA2	1.00e0	9.96e-1	0.00	0.28	0.16	0.33
NUP205	1.00e0	9.96e-1	0.00	0.18	0.15	0.27
MLLT6	1.00e0	9.96e-1	0.00	0.16	0.12	0.27
APC	1.00e0	9.96e-1	0.00	0.19	0.15	0.25
MEGF8	1.00e0	9.96e-1	0.00	0.26	0.19	0.38
EXOC6B	1.00e0	9.96e-1	0.00	0.10	0.06	0.24
USP19	1.00e0	9.96e-1	0.00	0.26	0.17	0.28
LSS	1.00e0	9.96e-1	0.00	0.28	0.20	0.38
LRRC2	1.00e0	9.96e-1	0.00	0.26	0.18	0.33
TOR4A	1.00e0	9.96e-1	0.00	0.27	0.11	0.31
TRO	1.00e0	9.96e-1	0.00	0.26	0.18	0.35
ZNF592	1.00e0	9.96e-1	0.00	0.21	0.12	0.29
RAD54L2	1.00e0	9.96e-1	0.00	0.29	0.15	0.31
C14orf132	1.00e0	9.96e-1	0.00	0.20	0.14	0.27
CYFIP2	1.00e0	9.96e-1	0.00	0.19	0.11	0.24
WWC3	1.00e0	9.96e-1	0.00	0.14	0.07	0.20
MAML2	1.00e0	9.96e-1	0.00	0.18	0.09	0.23
REV1	1.00e0	9.96e-1	0.00	0.16	0.09	0.23
DMXL1	1.00e0	9.96e-1	0.00	0.23	0.15	0.27
ARIH1	1.00e0	9.96e-1	0.00	0.24	0.17	0.35
PHF2	1.00e0	9.96e-1	0.00	0.28	0.19	0.35
WDR59	1.00e0	9.96e-1	0.00	0.18	0.13	0.26
FAM168A	1.00e0	9.96e-1	0.00	0.26	0.20	0.34
UBN1	1.00e0	9.96e-1	0.00	0.17	0.08	0.25
MYCBP2	1.00e0	9.96e-1	0.00	0.17	0.08	0.21
ZFC3H1	1.00e0	9.96e-1	0.00	0.29	0.20	0.30
DCBLD1	1.00e0	9.96e-1	0.00	0.26	0.17	0.27
SYNJ2	1.00e0	9.96e-1	0.00	0.34	0.16	0.35
VAT1L	1.00e0	9.96e-1	0.00	0.18	0.16	0.33
JAG1	1.00e0	9.96e-1	0.00	0.08	0.02	0.18
HERC2	1.00e0	9.96e-1	0.00	0.24	0.17	0.32
STAT5B	1.00e0	9.96e-1	0.00	0.23	0.15	0.27
MUT	1.00e0	9.96e-1	0.00	0.23	0.16	0.30
TRIM35	1.00e0	9.96e-1	0.00	0.20	0.12	0.25
NUP98	1.00e0	9.96e-1	0.00	0.11	0.06	0.20
MTMR4	1.00e0	9.96e-1	0.00	0.23	0.15	0.29
KANK1	1.00e0	9.96e-1	0.00	0.20	0.12	0.25
NFX1	1.00e0	9.96e-1	0.00	0.21	0.14	0.25
KPNA4	1.00e0	9.96e-1	0.00	0.09	0.05	0.21
CHD6	1.00e0	9.96e-1	0.00	0.21	0.12	0.28
FOXM1	1.00e0	9.96e-1	0.00	0.25	0.17	0.31
LLGL1	1.00e0	9.96e-1	0.00	0.25	0.18	0.36
TRRAP	1.00e0	9.96e-1	0.00	0.18	0.14	0.28
ZCCHC11	1.00e0	9.96e-1	0.00	0.18	0.11	0.23
NUP153	1.00e0	9.96e-1	0.00	0.18	0.10	0.24
OSBPL5	1.00e0	9.96e-1	0.00	0.22	0.15	0.28
SIN3B	1.00e0	9.96e-1	0.00	0.26	0.19	0.34
CEP250	1.00e0	9.96e-1	0.00	0.09	0.04	0.19
RFX5	1.00e0	9.96e-1	0.00	0.15	0.07	0.21
WDR44	1.00e0	9.96e-1	0.00	0.24	0.15	0.31
ITPRIPL2	1.00e0	9.96e-1	0.00	0.32	0.18	0.37
CDK5RAP2	1.00e0	9.96e-1	0.00	0.17	0.09	0.21
LDLR	1.00e0	9.96e-1	0.00	0.20	0.12	0.25
ZNF516	1.00e0	9.96e-1	0.00	0.18	0.11	0.27
MORC2	1.00e0	9.96e-1	0.00	0.15	0.13	0.28
SKIV2L	1.00e0	9.96e-1	0.00	0.09	0.04	0.21
SCUBE3	1.00e0	9.96e-1	0.00	0.12	0.08	0.21
NPC1	1.00e0	9.96e-1	0.00	0.09	0.06	0.19
EHD3	1.00e0	9.96e-1	0.00	0.18	0.11	0.24
UBE4A	1.00e0	9.96e-1	0.00	0.05	0.00	0.20
ARHGEF11	1.00e0	9.96e-1	0.00	0.21	0.13	0.28
CEP170P1	1.00e0	9.96e-1	0.00	0.09	0.04	0.22
PPRC1	1.00e0	9.96e-1	0.00	0.22	0.13	0.24
POLR1A	1.00e0	9.96e-1	0.00	0.20	0.13	0.25
PRKD1	1.00e0	9.96e-1	0.00	0.18	0.12	0.24
LPIN1	1.00e0	9.96e-1	0.00	0.18	0.07	0.21
UNC13B	1.00e0	9.96e-1	0.00	0.21	0.12	0.25
TRIM37	1.00e0	9.96e-1	0.00	0.17	0.14	0.28
KRAS	1.00e0	9.96e-1	0.00	0.27	0.17	0.34
TTLL4	1.00e0	9.96e-1	0.00	0.16	0.08	0.24
PHRF1	1.00e0	9.96e-1	0.00	0.15	0.12	0.25
CDC5L	1.00e0	9.96e-1	0.00	0.22	0.14	0.27
FHOD1	1.00e0	9.96e-1	0.00	0.22	0.15	0.28
HECTD3	1.00e0	9.96e-1	0.00	0.23	0.16	0.29
EVC	1.00e0	9.96e-1	0.00	0.22	0.14	0.30
FMNL3	1.00e0	9.96e-1	0.00	0.20	0.14	0.29
RPAP1	1.00e0	9.96e-1	0.00	0.19	0.12	0.29
MPP5	1.00e0	9.96e-1	0.00	0.21	0.13	0.28
NUMA1	1.00e0	9.96e-1	0.00	0.17	0.12	0.23
SRGAP1	1.00e0	9.96e-1	0.00	0.28	0.12	0.32
ADNP	1.00e0	9.96e-1	0.00	0.20	0.12	0.24
KIF13A	1.00e0	9.96e-1	0.00	0.17	0.14	0.29
DNAJC13	1.00e0	9.96e-1	0.00	0.13	0.07	0.20
KIF16B	1.00e0	9.96e-1	0.00	0.24	0.17	0.29
HCFC1	1.00e0	9.96e-1	0.00	0.17	0.13	0.29
CLOCK	1.00e0	9.96e-1	0.00	0.18	0.15	0.25
HIP1	1.00e0	9.96e-1	0.00	0.23	0.08	0.26
SIPA1L3	1.00e0	9.96e-1	0.00	0.19	0.11	0.26
PDS5A	1.00e0	9.96e-1	0.00	0.25	0.08	0.27
ADAM17	1.00e0	9.96e-1	0.00	0.27	0.15	0.33
NUP133	1.00e0	9.96e-1	0.00	0.20	0.09	0.24
NCAPD3	1.00e0	9.96e-1	0.00	0.28	0.21	0.34
NF1	1.00e0	9.96e-1	0.00	0.22	0.13	0.25
NUFIP2	1.00e0	9.96e-1	0.00	0.14	0.11	0.22
ARFGEF2	1.00e0	9.96e-1	0.00	0.16	0.11	0.25
ZNF521	1.00e0	9.96e-1	0.00	0.29	0.19	0.34
DIS3L	1.00e0	9.96e-1	0.00	0.23	0.16	0.35
LTBP2	1.00e0	9.96e-1	0.00	0.06	0.02	0.21
FAM178A	1.00e0	9.96e-1	0.00	0.17	0.09	0.23
ELF4	1.00e0	9.96e-1	0.00	0.30	0.21	0.37
RIPK1	1.00e0	9.96e-1	0.00	0.23	0.15	0.31
MAN1A2	1.00e0	9.96e-1	0.00	0.13	0.08	0.23
MTR	1.00e0	9.96e-1	0.00	0.23	0.15	0.29
YEATS2	1.00e0	9.96e-1	0.00	0.17	0.13	0.30
FGD1	1.00e0	9.96e-1	0.00	0.22	0.14	0.27
FYCO1	1.00e0	9.96e-1	0.00	0.21	0.18	0.34
MYBBP1A	1.00e0	9.96e-1	0.00	0.19	0.06	0.23
TP53BP1	1.00e0	9.96e-1	0.00	0.14	0.06	0.19
PCNX	1.00e0	9.96e-1	0.00	0.23	0.15	0.28
LUZP1	1.00e0	9.96e-1	0.00	0.14	0.08	0.19
SBNO1	1.00e0	9.96e-1	0.00	0.16	0.10	0.22
SVEP1	1.00e0	9.96e-1	0.00	0.28	0.21	0.35
TNRC6A	1.00e0	9.96e-1	0.00	0.22	0.14	0.30
SMURF1	1.00e0	9.96e-1	0.00	0.18	0.11	0.19
PRDM2	1.00e0	9.97e-1	0.00	0.20	0.12	0.25
INTS1	1.00e0	9.97e-1	0.00	0.24	0.20	0.36
KCTD2	1.00e0	9.97e-1	0.00	0.24	0.16	0.32
DHX8	1.00e0	9.97e-1	0.00	0.17	0.12	0.23
DIAPH1	1.00e0	9.97e-1	0.00	0.22	0.14	0.26
ITGA2	1.00e0	9.97e-1	0.00	0.28	0.16	0.32
ZBED6	1.00e0	9.97e-1	0.00	0.21	0.14	0.26
CUL7	1.00e0	9.97e-1	0.00	0.30	0.23	0.40
REST	1.00e0	9.97e-1	0.00	0.18	0.14	0.26
TJP2	1.00e0	9.97e-1	0.00	0.21	0.16	0.28
FAM63B	1.00e0	9.97e-1	0.00	0.23	0.15	0.27
ALPK2	1.00e0	9.97e-1	0.00	0.24	0.07	0.25
ZER1	1.00e0	9.97e-1	0.00	0.18	0.10	0.24
PLXNA1	1.00e0	9.97e-1	0.00	0.16	0.12	0.26
UNC119B	1.00e0	9.97e-1	0.00	0.28	0.18	0.33
SUGP2	1.00e0	9.97e-1	0.00	0.17	0.12	0.23
CHD8	1.00e0	9.97e-1	0.00	0.25	0.17	0.27
PDE7B	1.00e0	9.97e-1	0.00	0.21	0.17	0.28
EGFR	1.00e0	9.97e-1	0.00	0.29	0.20	0.34
AGO1	1.00e0	9.97e-1	0.00	0.23	0.16	0.32
TCOF1	1.00e0	9.97e-1	0.00	0.20	0.12	0.27
FLNB	1.00e0	9.97e-1	0.00	0.27	0.20	0.36
BRD3	1.00e0	9.97e-1	0.00	0.26	0.17	0.31
NSMAF	1.00e0	9.97e-1	0.00	0.28	0.12	0.31
CBX5	1.00e0	9.97e-1	0.00	0.17	0.12	0.28
FAM13A	1.00e0	9.97e-1	0.00	0.18	0.12	0.23
ASCC3	1.00e0	9.97e-1	0.00	0.27	0.18	0.31
PRKCA	1.00e0	9.97e-1	0.00	0.29	0.22	0.38
ARID1A	1.00e0	9.97e-1	0.00	0.07	0.02	0.14
ATF7IP	1.00e0	9.97e-1	0.00	0.18	0.15	0.26
THSD4	1.00e0	9.97e-1	0.00	0.21	0.06	0.23
MARCH4	1.00e0	9.97e-1	0.00	0.17	0.14	0.25
PTPN14	1.00e0	9.97e-1	0.00	0.30	0.24	0.37
BOD1L1	1.00e0	9.97e-1	0.00	0.13	0.08	0.19
DHX16	1.00e0	9.97e-1	0.00	0.18	0.09	0.22
KDM3B	1.00e0	9.97e-1	0.00	0.22	0.14	0.27
SEC16A	1.00e0	9.97e-1	0.00	0.24	0.17	0.28
PRRC2B	1.00e0	9.97e-1	0.00	0.30	0.23	0.34
STXBP1	1.00e0	9.97e-1	0.00	0.17	0.13	0.31
MIB1	1.00e0	9.97e-1	0.00	0.27	0.15	0.31
POLG	1.00e0	9.97e-1	0.00	0.18	0.12	0.23
TCEB3	1.00e0	9.97e-1	0.00	0.25	0.12	0.30
CDC42BPA	1.00e0	9.97e-1	0.00	0.29	0.23	0.38
HIPK1	1.00e0	9.97e-1	0.00	0.28	0.16	0.32
DIP2C	1.00e0	9.97e-1	0.00	0.18	0.14	0.26
COL7A1	1.00e0	9.97e-1	0.00	0.19	0.14	0.26
ROCK2	1.00e0	9.97e-1	0.00	0.22	0.14	0.26
SLC7A11	1.00e0	9.97e-1	0.00	0.28	0.12	0.32
ZFPM2	1.00e0	9.97e-1	0.00	0.23	0.15	0.28
CCSER2	1.00e0	9.97e-1	0.00	0.16	0.12	0.24
VCAN	1.00e0	9.97e-1	0.00	0.20	0.14	0.25
IGF2R	1.00e0	9.97e-1	0.00	0.26	0.21	0.31
ZHX3	1.00e0	9.97e-1	0.00	0.16	0.12	0.25
EHBP1L1	1.00e0	9.97e-1	0.00	0.30	0.24	0.34
RNF213	1.00e0	9.97e-1	0.00	0.20	0.17	0.32
MPDZ	1.00e0	9.97e-1	0.00	0.25	0.19	0.30
ANKFY1	1.00e0	9.97e-1	0.00	0.17	0.10	0.22
INTS3	1.00e0	9.97e-1	0.00	0.23	0.19	0.29
CREBBP	1.00e0	9.97e-1	0.00	0.30	0.18	0.36
PLCB3	1.00e0	9.97e-1	0.00	0.24	0.20	0.30
PRKDC	1.00e0	9.97e-1	0.00	0.07	0.02	0.16
KDM4A	1.00e0	9.97e-1	0.00	0.24	0.17	0.27
SON	1.00e0	9.97e-1	0.00	0.28	0.24	0.33
AMOTL1	1.00e0	9.97e-1	0.00	0.35	0.32	0.41
UBR5	1.00e0	9.97e-1	0.00	0.25	0.20	0.29
MCM3AP	1.00e0	9.97e-1	0.00	0.33	0.25	0.38
USP9X	1.00e0	9.97e-1	0.00	0.25	0.21	0.32
ZC3H13	1.00e0	9.97e-1	0.00	0.27	0.20	0.31
TPR	1.00e0	9.97e-1	0.00	0.14	0.08	0.21
SMARCC2	1.00e0	9.97e-1	0.00	0.23	0.17	0.29
DOCK7	1.00e0	9.97e-1	0.00	0.29	0.20	0.33
DHX38	1.00e0	9.97e-1	0.00	0.23	0.19	0.29
PI4KA	1.00e0	9.97e-1	0.00	0.22	0.18	0.27
VPS39	1.00e0	9.97e-1	0.00	0.17	0.11	0.21
NFAT5	1.00e0	9.97e-1	0.00	0.25	0.20	0.31
NAV1	1.00e0	9.97e-1	0.00	0.24	0.19	0.29
GBF1	1.00e0	9.97e-1	0.00	0.23	0.15	0.27
