feat	diff_pep	diff_fdr	diff_bf	cv_ev	cv_sd	cv_map	cv_ci_lower	cv_ci_upper
PAPPA	0.00e0	0.00e0	inf	0.89	0.03	0.91	0.82	0.95
THBS1	0.00e0	0.00e0	inf	0.72	0.01	0.76	0.70	0.76
C14orf132	1.40e-5	4.67e-6	13843697854.59	0.62	0.03	0.64	0.56	0.66
NUP98	1.10e-3	2.79e-4	2241213.93	0.60	0.03	0.60	0.54	0.64
MKI67	4.12e-2	8.47e-3	1600.10	0.58	0.04	0.60	0.49	0.63
SLC5A3	4.29e-2	1.42e-2	1478.59	0.65	0.06	0.65	0.45	0.72
COL7A1	1.15e-1	2.86e-2	206.11	0.56	0.05	0.44	0.43	0.64
NOTCH2	1.33e-1	4.17e-2	152.66	0.55	0.04	0.59	0.47	0.62
EGFR	1.40e-1	5.26e-2	138.73	0.53	0.03	0.55	0.47	0.59
MALAT1	3.13e-1	7.87e-2	27.68	0.52	0.04	0.49	0.41	0.58
CBL	3.51e-1	1.03e-1	22.09	0.51	0.03	0.50	0.44	0.57
VPS13A	4.55e-1	1.33e-1	13.13	0.51	0.03	0.50	0.45	0.56
RAB3B	5.84e-1	1.67e-1	7.97	0.48	0.05	0.37	0.33	0.55
KIAA1147	6.43e-1	2.01e-1	6.57	0.48	0.05	0.51	0.38	0.56
ITGA2	6.50e-1	2.31e-1	6.44	0.47	0.06	0.42	0.27	0.55
CHD8	6.51e-1	2.58e-1	6.42	0.48	0.03	0.49	0.42	0.54
FASN	6.64e-1	2.81e-1	6.17	0.49	0.05	0.50	0.31	0.57
POLQ	6.85e-1	3.04e-1	5.79	0.48	0.03	0.46	0.41	0.54
HIVEP1	7.51e-1	3.27e-1	4.82	0.48	0.03	0.45	0.41	0.54
PHIP	7.55e-1	3.49e-1	4.76	0.47	0.03	0.49	0.40	0.53
SCUBE3	7.57e-1	3.68e-1	4.75	0.49	0.02	0.49	0.45	0.52
HIVEP2	7.72e-1	3.87e-1	4.56	0.47	0.03	0.46	0.41	0.53
TEAD1	7.95e-1	4.04e-1	4.31	0.48	0.03	0.44	0.38	0.53
ALMS1	8.14e-1	4.21e-1	4.10	0.47	0.04	0.45	0.39	0.54
ZKSCAN2	8.20e-1	4.37e-1	4.05	0.47	0.03	0.44	0.41	0.53
MED14	8.37e-1	4.53e-1	3.88	0.47	0.03	0.44	0.40	0.52
SLC7A11	8.53e-1	4.67e-1	3.74	0.45	0.05	0.32	0.31	0.53
TMOD2	8.60e-1	4.81e-1	3.67	0.46	0.04	0.45	0.39	0.53
ARL10	8.66e-1	4.95e-1	3.62	0.45	0.05	0.42	0.33	0.55
CACNA1A	8.67e-1	5.07e-1	3.61	0.46	0.03	0.45	0.40	0.52
CASC5	8.82e-1	5.19e-1	3.49	0.44	0.06	0.49	0.33	0.54
AKAP11	8.97e-1	5.31e-1	3.38	0.45	0.04	0.39	0.37	0.52
LYST	9.28e-1	5.43e-1	3.16	0.44	0.04	0.45	0.35	0.52
KPNA4	9.31e-1	5.55e-1	3.14	0.44	0.04	0.43	0.37	0.51
AGPS	9.52e-1	5.66e-1	3.00	0.43	0.04	0.39	0.34	0.51
QSER1	9.55e-1	5.77e-1	2.98	0.43	0.04	0.40	0.36	0.51
BRCA2	9.61e-1	5.87e-1	2.94	0.44	0.04	0.42	0.37	0.51
NRIP1	9.64e-1	5.97e-1	2.92	0.42	0.05	0.28	0.24	0.50
DOPEY1	9.70e-1	6.07e-1	2.89	0.44	0.03	0.43	0.38	0.50
CENPF	9.71e-1	6.16e-1	2.88	0.43	0.04	0.44	0.34	0.50
HELZ2	9.73e-1	6.24e-1	2.87	0.40	0.05	0.37	0.31	0.50
KIAA2018	9.80e-1	6.33e-1	2.83	0.41	0.03	0.39	0.36	0.49
DIP2C	9.83e-1	6.41e-1	2.81	0.43	0.04	0.44	0.36	0.50
UBR2	9.87e-1	6.49e-1	2.79	0.43	0.03	0.44	0.37	0.49
THSD4	9.90e-1	6.56e-1	2.77	0.44	0.05	0.31	0.29	0.49
CBX5	9.90e-1	6.64e-1	2.77	0.40	0.06	0.41	0.26	0.49
DIP2B	9.91e-1	6.71e-1	2.77	0.39	0.04	0.37	0.32	0.49
FRY	9.95e-1	6.77e-1	2.75	0.40	0.03	0.38	0.34	0.46
PIK3CA	9.95e-1	6.84e-1	2.74	0.42	0.03	0.41	0.35	0.47
HEATR5B	9.97e-1	6.90e-1	2.73	0.41	0.04	0.37	0.34	0.48
USP24	9.98e-1	6.96e-1	2.73	0.37	0.05	0.33	0.27	0.46
SIPA1L3	9.98e-1	7.02e-1	2.73	0.44	0.03	0.43	0.39	0.49
ASCC3	9.99e-1	7.08e-1	2.73	0.42	0.03	0.41	0.36	0.47
DIEXF	9.99e-1	7.13e-1	2.72	0.37	0.04	0.35	0.30	0.43
REV3L	9.99e-1	7.18e-1	2.72	0.38	0.05	0.32	0.27	0.47
FLNA	9.99e-1	7.23e-1	2.72	0.28	0.02	0.33	0.25	0.33
COL5A1	9.99e-1	7.28e-1	2.72	0.26	0.02	0.30	0.22	0.30
FBN2	9.99e-1	7.33e-1	2.72	0.37	0.02	0.35	0.31	0.40
TLN1	9.99e-1	7.37e-1	2.72	0.27	0.02	0.27	0.23	0.33
FZD4	9.99e-1	7.42e-1	2.72	0.41	0.03	0.43	0.35	0.47
FBN1	9.99e-1	7.46e-1	2.72	0.27	0.03	0.28	0.22	0.33
KIAA1199	9.99e-1	7.50e-1	2.72	0.43	0.03	0.46	0.37	0.48
TNC	9.99e-1	7.54e-1	2.72	0.30	0.03	0.30	0.25	0.35
PRPF8	9.99e-1	7.58e-1	2.72	0.30	0.02	0.26	0.25	0.35
LMTK2	9.99e-1	7.61e-1	2.72	0.37	0.04	0.32	0.29	0.45
LRP1	9.99e-1	7.65e-1	2.72	0.41	0.03	0.44	0.32	0.45
CEP250	9.99e-1	7.69e-1	2.72	0.40	0.03	0.40	0.33	0.46
SRRM2	9.99e-1	7.72e-1	2.72	0.22	0.02	0.26	0.18	0.26
FLNC	9.99e-1	7.75e-1	2.72	0.20	0.03	0.25	0.16	0.26
GTF3C4	9.99e-1	7.78e-1	2.72	0.40	0.03	0.39	0.33	0.46
SPTBN1	9.99e-1	7.82e-1	2.72	0.35	0.02	0.36	0.32	0.38
IGF2R	9.99e-1	7.85e-1	2.72	0.21	0.04	0.26	0.15	0.28
IQGAP1	9.99e-1	7.88e-1	2.72	0.29	0.02	0.34	0.24	0.34
SPTAN1	9.99e-1	7.90e-1	2.72	0.45	0.02	0.44	0.42	0.48
DYNC1H1	9.99e-1	7.93e-1	2.72	0.41	0.01	0.41	0.38	0.44
MYH10	9.99e-1	7.96e-1	2.72	0.27	0.04	0.31	0.20	0.33
SVEP1	9.99e-1	7.99e-1	2.72	0.38	0.04	0.43	0.30	0.44
SON	9.99e-1	8.01e-1	2.72	0.26	0.04	0.29	0.18	0.34
PRRC2B	9.99e-1	8.04e-1	2.72	0.28	0.03	0.24	0.23	0.33
UBR5	9.99e-1	8.06e-1	2.72	0.35	0.04	0.29	0.27	0.41
KIAA1462	9.99e-1	8.08e-1	2.72	0.31	0.03	0.29	0.25	0.37
ROCK2	9.99e-1	8.11e-1	2.72	0.37	0.04	0.29	0.29	0.44
RNF169	1.00e0	8.13e-1	2.72	0.39	0.03	0.39	0.33	0.47
GPR107	1.00e0	8.15e-1	2.72	0.25	0.03	0.21	0.19	0.30
PIEZO1	1.00e0	8.17e-1	2.72	0.35	0.04	0.34	0.29	0.41
NR4A1	1.00e0	8.20e-1	2.72	0.39	0.06	0.43	0.23	0.50
VCAN	1.00e0	8.22e-1	2.72	0.34	0.03	0.35	0.28	0.40
SMARCA5	1.00e0	8.24e-1	2.72	0.35	0.04	0.36	0.25	0.41
NUMA1	1.00e0	8.26e-1	2.72	0.32	0.03	0.40	0.27	0.40
PTPN14	1.00e0	8.28e-1	2.72	0.37	0.02	0.35	0.32	0.41
CKAP5	1.00e0	8.29e-1	2.72	0.34	0.03	0.34	0.30	0.39
SLC38A1	1.00e0	8.31e-1	2.72	0.31	0.06	0.37	0.14	0.38
GTF3C1	1.00e0	8.33e-1	2.72	0.41	0.02	0.41	0.38	0.44
TPR	1.00e0	8.35e-1	2.72	0.42	0.02	0.42	0.38	0.45
AMOTL1	1.00e0	8.37e-1	2.72	0.33	0.04	0.35	0.27	0.41
PRKDC	1.00e0	8.38e-1	2.72	0.34	0.04	0.29	0.28	0.42
AFAP1	1.00e0	8.40e-1	2.72	0.35	0.06	0.38	0.16	0.41
USP9X	1.00e0	8.42e-1	2.72	0.34	0.04	0.42	0.27	0.42
PRKCA	1.00e0	8.43e-1	2.72	0.27	0.03	0.29	0.20	0.33
ALPK2	1.00e0	8.45e-1	2.72	0.28	0.04	0.28	0.20	0.34
AFF4	1.00e0	8.46e-1	2.72	0.35	0.05	0.34	0.27	0.43
CREBBP	1.00e0	8.48e-1	2.72	0.41	0.02	0.40	0.38	0.46
FLNB	1.00e0	8.49e-1	2.72	0.37	0.02	0.36	0.33	0.42
DOCK7	1.00e0	8.51e-1	2.72	0.41	0.03	0.42	0.35	0.47
ANKRD52	1.00e0	8.52e-1	2.72	0.36	0.04	0.38	0.27	0.43
STARD9	1.00e0	8.54e-1	2.72	0.39	0.04	0.40	0.31	0.45
SSH1	1.00e0	8.55e-1	2.72	0.39	0.03	0.39	0.31	0.44
FYCO1	1.00e0	8.56e-1	2.72	0.31	0.03	0.29	0.26	0.35
DNAJC13	1.00e0	8.58e-1	2.72	0.30	0.03	0.28	0.25	0.37
PLXNA1	1.00e0	8.59e-1	2.72	0.31	0.06	0.21	0.19	0.40
ZC3H13	1.00e0	8.60e-1	2.72	0.36	0.04	0.39	0.29	0.43
H6PD	1.00e0	8.61e-1	2.72	0.34	0.05	0.28	0.25	0.43
FOSB	1.00e0	8.63e-1	2.72	0.39	0.04	0.39	0.32	0.47
KIDINS220	1.00e0	8.64e-1	2.72	0.22	0.03	0.21	0.18	0.28
TNRC6A	1.00e0	8.65e-1	2.72	0.33	0.04	0.33	0.26	0.40
ATP11A	1.00e0	8.66e-1	2.72	0.36	0.06	0.30	0.24	0.45
PCNX	1.00e0	8.67e-1	2.72	0.35	0.03	0.37	0.30	0.41
NKTR	1.00e0	8.68e-1	2.72	0.35	0.03	0.36	0.28	0.41
LUZP1	1.00e0	8.69e-1	2.72	0.32	0.05	0.39	0.24	0.42
PDS5A	1.00e0	8.71e-1	2.72	0.37	0.04	0.37	0.28	0.45
HERC2	1.00e0	8.72e-1	2.72	0.38	0.04	0.36	0.31	0.44
NF1	1.00e0	8.73e-1	2.72	0.33	0.06	0.27	0.24	0.45
DSEL	1.00e0	8.74e-1	2.72	0.32	0.05	0.34	0.22	0.39
USP34	1.00e0	8.75e-1	2.72	0.23	0.05	0.19	0.14	0.31
ZFC3H1	1.00e0	8.76e-1	2.72	0.32	0.04	0.32	0.25	0.43
VPS13D	1.00e0	8.77e-1	2.72	0.38	0.03	0.35	0.32	0.44
FAM208B	1.00e0	8.78e-1	2.72	0.39	0.03	0.37	0.34	0.43
ABCA2	1.00e0	8.79e-1	2.72	0.33	0.04	0.26	0.20	0.40
C17orf51	1.00e0	8.80e-1	2.72	0.31	0.05	0.27	0.23	0.39
MAN1A2	1.00e0	8.81e-1	2.72	0.35	0.04	0.28	0.27	0.42
