cell	feat	expr_map	expr_ci_lower	expr_ci_upper	expr_naive
40	ZFC3H1	2	0	5	2
40	LMTK2	0	0	2	0
40	CACNA1A	0	0	2	0
40	AMOTL1	2	0	5	2
40	HIVEP2	0	0	2	0
40	FLNA	20	16	27	21
40	CKAP5	13	9	19	14
40	PHIP	0	0	2	0
40	AGPS	4	2	8	5
40	DOPEY1	4	2	8	5
40	C14orf132	4	2	8	5
40	PIEZO1	12	8	17	13
40	GTF3C4	2	0	5	2
40	FLNB	3	1	7	4
40	DNAJC13	0	0	2	0
40	PRPF8	45	37	54	46
40	UBR2	0	0	2	0
40	DSEL	6	3	10	6
40	ARL10	0	0	2	0
40	NKTR	6	3	10	6
40	MYH10	28	22	35	29
40	THBS1	130	117	143	132
40	BRCA2	2	0	5	2
40	FAM208B	7	4	11	7
40	KPNA4	2	0	5	2
40	SSH1	2	0	5	2
40	SPTAN1	38	31	46	39
40	SRRM2	4	2	8	5
40	FYCO1	3	1	7	4
40	LUZP1	1	0	4	1
40	FOSB	6	3	10	6
40	PRKDC	3	1	7	4
40	FBN1	17	12	23	17
40	TEAD1	22	17	28	22
40	VPS13A	1	0	4	1
40	HEATR5B	2	0	5	2
40	KIAA1199	33	26	40	34
40	COL5A1	34	28	42	35
40	NRIP1	24	19	31	25
40	USP9X	3	1	7	4
40	EGFR	0	0	2	0
40	HIVEP1	6	3	10	6
40	AFAP1	8	5	13	9
40	IGF2R	8	5	13	9
40	NOTCH2	19	15	26	20
40	C17orf51	6	3	10	6
40	UBR5	12	8	17	12
40	PAPPA	8	5	13	9
40	FASN	16	11	21	16
40	CEP250	0	0	2	0
40	HERC2	2	0	5	2
40	SIPA1L3	1	0	4	1
40	HELZ2	0	0	2	0
40	NF1	0	0	2	0
40	SLC5A3	1	0	4	1
40	FBN2	115	104	128	117
40	PDS5A	6	3	10	6
40	FZD4	1	0	4	1
40	LRP1	14	10	20	15
40	CBL	1	0	4	1
40	SON	7	4	11	7
40	KIAA1462	22	17	28	22
40	FLNC	13	9	18	14
40	POLQ	0	0	2	0
40	KIAA2018	6	3	10	6
40	ZC3H13	3	1	7	4
40	ITGA2	2	0	5	2
40	USP24	1	0	4	1
40	FRY	1	0	4	1
40	NR4A1	9	6	14	10
40	ABCA2	3	1	7	4
40	PIK3CA	1	0	4	1
40	CASC5	0	0	2	0
40	SCUBE3	8	5	13	9
40	PRRC2B	13	9	19	14
40	TMOD2	0	0	2	0
40	CREBBP	1	0	4	1
40	GPR107	7	4	11	7
40	NUP98	1	0	4	1
40	SLC7A11	9	6	14	10
40	KIDINS220	0	0	2	0
40	ATP11A	2	0	5	2
40	ZKSCAN2	2	0	5	2
40	DOCK7	0	0	2	0
40	MKI67	4	2	8	5
40	NUMA1	5	2	8	5
40	COL7A1	0	0	2	0
40	SLC38A1	4	2	8	5
40	CHD8	1	0	4	1
40	REV3L	4	2	8	5
40	PCNX	3	1	7	4
40	QSER1	1	0	4	1
40	PTPN14	7	4	11	7
40	DIEXF	0	0	2	0
40	VPS13D	0	0	2	0
40	KIAA1147	0	0	2	0
40	IQGAP1	24	19	31	25
40	SPTBN1	23	18	30	24
40	GTF3C1	0	0	2	0
40	TNC	13	9	19	14
40	DYNC1H1	4	2	8	5
40	ASCC3	6	3	10	6
40	USP34	4	2	8	5
40	DIP2C	6	3	10	6
40	VCAN	22	17	28	22
40	CBX5	23	18	30	24
40	MALAT1	4	2	8	5
40	DIP2B	0	0	2	0
40	MED14	2	0	5	2
40	ALMS1	1	0	4	1
40	AFF4	4	2	8	5
40	TLN1	29	23	36	30
40	AKAP11	1	0	4	1
40	MAN1A2	3	1	7	4
40	LYST	1	0	4	1
40	THSD4	1	0	4	1
40	ROCK2	12	8	17	12
40	PRKCA	3	1	7	4
40	TNRC6A	3	1	7	4
40	ANKRD52	4	2	8	5
40	SVEP1	8	5	13	9
40	ALPK2	1	0	4	1
40	CENPF	2	0	5	2
40	SMARCA5	20	16	27	21
40	RAB3B	4	2	8	5
40	H6PD	3	1	7	4
40	STARD9	4	2	8	5
40	PLXNA1	0	0	2	0
40	RNF169	1	0	4	1
40	TPR	2	0	5	2
4	FLNB	2	1	5	2
4	HEATR5B	2	0	5	2
4	LRP1	22	17	28	22
4	HELZ2	0	0	2	0
4	ITGA2	2	0	5	2
4	SCUBE3	0	0	2	0
4	CBX5	3	1	7	4
4	FLNA	202	187	219	204
4	PHIP	0	0	2	0
4	USP34	0	0	2	0
4	KIAA1147	0	0	2	0
4	FBN2	17	13	23	17
4	SLC7A11	3	1	7	4
4	FOSB	2	0	5	2
4	PIK3CA	0	0	2	0
4	NF1	3	1	7	4
4	VCAN	7	4	11	7
4	USP24	0	0	2	0
4	NOTCH2	2	0	5	2
4	PRKCA	6	3	10	6
4	MYH10	21	16	27	21
4	IGF2R	5	2	8	5
4	NUP98	2	0	5	2
4	H6PD	2	0	5	2
4	PLXNA1	0	0	2	0
4	AFF4	3	1	7	4
4	HERC2	5	2	8	5
4	ASCC3	3	1	7	4
4	GPR107	8	5	13	9
4	CASC5	0	0	2	0
4	FZD4	0	0	2	0
4	COL5A1	46	39	54	46
4	KIAA2018	1	0	4	1
4	THSD4	5	2	8	5
4	FLNC	38	32	46	39
4	TNC	52	44	61	52
4	CHD8	3	1	7	4
4	CENPF	6	3	10	6
4	C17orf51	1	0	4	1
4	KIAA1199	5	2	8	5
4	MALAT1	11	7	16	11
4	HIVEP2	0	0	2	0
4	PTPN14	8	5	13	9
4	TEAD1	23	18	30	24
4	BRCA2	0	0	2	0
4	EGFR	3	1	7	4
4	PDS5A	5	2	8	5
4	DSEL	7	4	11	7
4	QSER1	1	0	4	1
4	UBR2	1	0	4	1
4	RAB3B	1	0	4	1
4	SON	11	7	16	11
4	REV3L	1	0	4	1
4	DOCK7	11	7	16	11
4	VPS13A	1	0	4	1
4	PRRC2B	17	13	23	17
4	SMARCA5	2	0	5	2
4	HIVEP1	2	0	5	2
4	NKTR	1	0	4	1
4	COL7A1	0	0	2	0
4	ZC3H13	9	6	14	10
4	AKAP11	1	0	4	1
4	FYCO1	5	2	8	5
4	SRRM2	27	21	34	27
4	ROCK2	18	14	24	19
4	RNF169	0	0	2	0
4	NR4A1	8	5	13	9
4	ALPK2	2	0	5	2
4	POLQ	0	0	2	0
4	DIP2B	0	0	2	0
4	PRKDC	0	0	2	0
4	FRY	0	0	2	0
4	LYST	0	0	2	0
4	ABCA2	1	0	4	1
4	KIAA1462	8	5	13	9
4	KPNA4	0	0	2	0
4	DYNC1H1	17	13	23	17
4	DIEXF	0	0	2	0
4	KIDINS220	0	0	2	0
4	ZKSCAN2	0	0	2	0
4	CACNA1A	1	0	4	1
4	TLN1	83	73	94	84
4	DIP2C	7	4	11	8
4	TMOD2	1	0	4	1
4	SLC5A3	0	0	2	0
4	PAPPA	4	2	8	5
4	IQGAP1	17	12	23	17
4	DNAJC13	4	2	8	5
4	USP9X	1	0	4	1
4	PRPF8	32	26	39	32
4	SIPA1L3	6	4	10	6
4	CREBBP	2	0	5	2
4	ZFC3H1	0	0	2	0
4	ALMS1	0	0	2	0
4	FAM208B	2	0	5	2
4	ARL10	0	0	2	0
4	MKI67	5	2	8	5
4	NRIP1	2	0	5	2
4	FASN	6	3	10	6
4	DOPEY1	0	0	2	0
4	AMOTL1	12	8	17	12
4	MAN1A2	2	0	5	3
4	STARD9	1	0	4	1
4	PIEZO1	21	16	27	21
4	GTF3C4	0	0	2	0
4	UBR5	3	1	7	4
4	TNRC6A	1	0	4	1
4	SPTAN1	62	54	72	62
4	SLC38A1	1	0	4	1
4	NUMA1	6	3	10	6
4	PCNX	1	0	4	1
4	AFAP1	6	3	10	6
4	CEP250	11	7	16	11
4	LUZP1	0	0	2	0
4	CBL	0	0	2	0
4	C14orf132	6	4	10	6
4	ANKRD52	2	1	5	2
4	TPR	16	12	22	16
4	ATP11A	1	0	4	1
4	MED14	2	0	5	2
4	AGPS	0	0	2	0
4	LMTK2	0	0	2	0
4	SVEP1	1	0	4	1
4	VPS13D	2	1	5	2
4	GTF3C1	15	11	20	15
4	SPTBN1	24	19	31	25
4	CKAP5	14	11	20	15
4	THBS1	81	71	92	82
4	FBN1	53	45	62	54
4	SSH1	11	7	16	11
11	MAN1A2	5	2	8	5
11	GTF3C1	4	2	8	5
11	NRIP1	8	5	13	9
11	SIPA1L3	4	2	8	5
11	ZC3H13	7	4	11	7
11	THSD4	3	1	7	4
11	KIAA1147	0	0	2	0
11	POLQ	0	0	2	0
11	PAPPA	10	6	14	10
11	CHD8	1	0	4	1
11	TNRC6A	13	9	19	14
11	HERC2	1	0	4	1
11	SMARCA5	35	29	43	36
11	MYH10	29	23	36	30
11	FZD4	4	2	8	5
11	RAB3B	4	2	8	5
11	FRY	2	0	5	2
11	ROCK2	7	4	11	7
11	TLN1	24	19	31	25
11	LYST	21	16	27	21
11	DIP2C	6	3	10	6
11	ARL10	0	0	2	0
11	NUMA1	14	10	20	15
11	PTPN14	2	0	5	2
11	HIVEP1	17	12	23	17
11	VPS13A	6	3	10	6
11	CBL	1	0	4	1
11	DOPEY1	3	1	7	4
11	NKTR	3	1	7	4
11	PHIP	0	0	2	0
11	ANKRD52	2	0	5	2
11	H6PD	6	3	10	6
11	PRKDC	1	0	4	1
11	MED14	6	3	10	6
11	KIAA2018	2	0	5	2
11	SSH1	7	4	11	7
11	FLNB	3	1	7	4
11	NOTCH2	9	6	14	10
11	SRRM2	59	50	68	60
11	CREBBP	13	9	18	14
11	QSER1	0	0	2	0
11	PRPF8	35	29	43	36
11	KIDINS220	4	2	8	5
11	KIAA1199	278	260	297	282
11	DIEXF	12	8	17	12
11	ZFC3H1	17	12	23	17
11	TEAD1	33	27	40	34
11	PIEZO1	18	14	24	19
11	FAM208B	1	0	4	1
11	FLNA	110	98	123	112
11	SPTBN1	62	54	72	64
11	PRRC2B	29	23	36	30
11	USP34	3	1	7	4
11	PCNX	1	0	4	1
11	COL7A1	2	0	5	2
11	DNAJC13	16	11	21	16
11	HELZ2	1	0	4	1
11	KPNA4	2	0	5	2
11	CENPF	8	5	13	9
11	REV3L	2	0	5	2
11	FASN	3	1	7	4
11	LMTK2	2	0	5	2
11	ALMS1	1	0	4	1
11	FYCO1	3	1	7	4
11	VPS13D	14	10	20	15
11	DOCK7	1	0	4	1
11	PRKCA	22	17	28	22
11	DIP2B	0	0	2	0
11	ITGA2	1	0	4	1
11	FOSB	8	5	13	9
11	SLC7A11	20	16	27	21
11	MKI67	18	13	24	19
11	CBX5	17	12	23	17
11	TPR	22	17	28	22
11	USP9X	2	0	5	2
11	SLC5A3	0	0	2	0
11	USP24	2	0	5	3
11	AGPS	2	0	5	2
11	NUP98	1	0	4	1
11	ZKSCAN2	1	0	4	1
11	SON	2	0	5	2
11	C17orf51	2	0	5	2
11	CACNA1A	1	0	4	1
11	FLNC	47	40	56	49
11	NF1	4	2	8	5
11	ALPK2	0	0	2	0
11	UBR2	0	0	2	0
11	ASCC3	4	2	8	5
11	ATP11A	2	0	5	2
11	RNF169	2	0	5	2
11	IQGAP1	135	122	149	137
11	NR4A1	9	6	14	10
11	PLXNA1	7	4	11	7
11	PDS5A	2	0	5	2
11	BRCA2	1	0	4	1
11	SPTAN1	33	27	40	34
11	TMOD2	2	0	5	2
11	SCUBE3	11	7	16	11
11	FBN1	40	33	49	41
11	STARD9	3	1	7	4
11	AFF4	3	1	7	4
11	THBS1	187	172	204	191
11	C14orf132	7	4	11	7
11	LRP1	53	45	62	54
11	SVEP1	34	28	42	35
11	KIAA1462	16	11	21	16
11	HEATR5B	1	0	4	1
11	PIK3CA	2	0	5	2
11	CASC5	6	3	10	6
11	GPR107	12	8	17	12
11	TNC	9	6	14	10
11	CEP250	2	0	5	2
11	VCAN	33	27	41	34
11	ABCA2	4	2	8	5
11	UBR5	9	6	14	10
11	IGF2R	8	5	13	9
11	FBN2	116	105	129	118
11	CKAP5	25	20	32	26
11	GTF3C4	16	11	21	16
11	AFAP1	23	18	30	24
11	EGFR	6	3	10	6
11	COL5A1	191	176	208	195
11	LUZP1	2	0	5	2
11	SLC38A1	9	6	14	10
11	HIVEP2	1	0	4	1
11	MALAT1	16	11	21	16
11	AKAP11	0	0	2	0
11	DYNC1H1	2	0	5	2
11	AMOTL1	1	0	4	1
11	DSEL	4	2	8	5
35	DNAJC13	11	7	16	11
35	NUMA1	2	0	5	2
35	POLQ	1	0	4	1
35	COL7A1	0	0	2	0
35	IGF2R	9	6	14	10
35	CEP250	3	1	7	4
35	NKTR	1	0	4	1
35	UBR2	1	0	4	1
35	NOTCH2	3	1	7	4
35	LMTK2	0	0	2	0
35	FOSB	9	6	14	10
35	COL5A1	77	68	88	79
35	EGFR	2	0	5	2
35	ZFC3H1	9	6	14	10
35	AFF4	2	0	5	2
35	PRKCA	3	1	7	4
35	TLN1	77	68	88	79
35	DIP2B	6	3	10	6
35	KIAA1199	55	47	65	56
35	C14orf132	21	16	27	21
35	NF1	7	4	11	7
35	H6PD	7	4	11	7
35	FLNC	24	19	31	25
35	DSEL	1	0	4	1
35	DYNC1H1	34	28	42	35
35	TNC	60	52	70	61
35	KPNA4	2	0	5	2
35	NRIP1	11	7	16	11
35	ZKSCAN2	0	0	2	0
35	MAN1A2	2	0	5	3
35	MYH10	53	45	62	54
35	PIK3CA	0	0	2	0
35	SPTAN1	53	45	62	54
35	SVEP1	24	19	31	25
35	GTF3C4	2	0	5	2
35	RNF169	0	0	2	0
35	SON	22	17	28	22
35	SLC7A11	11	7	16	11
35	C17orf51	0	0	2	0
35	LYST	0	0	2	0
35	CACNA1A	1	0	4	1
35	FLNA	142	130	157	144
35	BRCA2	1	0	4	1
35	PIEZO1	19	15	26	20
35	PDS5A	1	0	4	1
35	DIP2C	3	1	7	4
35	FZD4	3	1	7	4
35	ITGA2	2	0	5	2
35	TPR	3	1	7	4
35	HERC2	1	0	4	1
35	MED14	1	0	4	1
35	FYCO1	4	2	8	5
35	QSER1	0	0	2	0
35	SRRM2	9	6	14	10
35	SPTBN1	18	14	24	19
35	GPR107	22	17	28	22
35	VPS13A	4	2	8	5
35	TMOD2	0	0	2	0
35	FRY	0	0	2	0
35	MALAT1	4	2	8	5
35	USP34	7	4	11	7
35	KIAA2018	2	0	5	2
35	ALPK2	2	0	5	2
35	AGPS	3	1	7	4
35	LRP1	18	14	24	19
35	PAPPA	8	5	13	9
35	SCUBE3	3	1	7	4
35	DOCK7	6	3	10	6
35	LUZP1	1	0	4	1
35	USP9X	3	1	7	4
35	ALMS1	1	0	4	1
35	GTF3C1	9	6	14	10
35	ZC3H13	6	3	10	6
35	FASN	1	0	4	1
35	PTPN14	10	6	14	10
35	PCNX	7	4	11	7
35	RAB3B	8	5	13	9
35	HIVEP1	6	3	10	6
35	CKAP5	8	5	13	9
35	MKI67	2	0	5	2
35	KIAA1462	29	24	37	30
35	CENPF	0	0	2	0
35	THSD4	3	1	7	4
35	VCAN	6	3	10	6
35	SSH1	11	7	16	11
35	ABCA2	0	0	2	0
35	CASC5	0	0	2	0
35	NUP98	2	0	5	2
35	SMARCA5	6	3	10	6
35	FBN2	58	50	67	59
35	SIPA1L3	4	2	8	5
35	HEATR5B	2	1	5	2
35	CBX5	12	8	17	12
35	FAM208B	2	0	5	2
35	PRPF8	56	48	66	57
35	ARL10	1	0	4	1
35	FBN1	24	19	31	25
35	CBL	1	0	4	1
35	PLXNA1	7	4	11	7
35	IQGAP1	27	21	34	27
35	AMOTL1	6	3	10	6
35	CHD8	2	0	5	2
35	ROCK2	16	12	21	16
35	SLC38A1	9	6	14	10
35	PRKDC	1	0	4	1
35	THBS1	269	251	288	272
35	DOPEY1	3	1	7	4
35	AFAP1	4	2	8	5
35	ASCC3	3	1	7	4
35	STARD9	0	0	2	0
35	TEAD1	13	9	19	14
35	PRRC2B	24	19	31	25
35	VPS13D	1	0	4	1
35	DIEXF	2	0	5	2
35	PHIP	0	0	2	0
35	USP24	1	0	4	1
35	HIVEP2	0	0	2	0
35	ANKRD52	5	2	8	5
35	HELZ2	0	0	2	0
35	AKAP11	1	0	4	1
35	FLNB	4	2	8	5
35	REV3L	0	0	2	0
35	TNRC6A	5	3	9	5
35	UBR5	2	0	5	2
35	ATP11A	1	0	4	1
35	KIDINS220	2	0	5	2
35	CREBBP	9	6	14	10
35	NR4A1	11	7	16	11
35	KIAA1147	1	0	4	1
35	SLC5A3	0	0	2	0
3	AFAP1	1	0	4	1
3	DIEXF	0	0	2	0
3	PDS5A	1	0	4	1
3	HIVEP1	2	0	5	2
3	ATP11A	1	0	4	1
3	KPNA4	0	0	2	0
3	KIAA1199	19	15	25	20
3	PIEZO1	7	4	11	8
3	CREBBP	0	0	2	0
3	FYCO1	2	0	5	2
3	GTF3C4	2	0	5	2
3	ABCA2	2	0	5	2
3	THBS1	148	135	163	151
3	TEAD1	8	5	13	9
3	USP24	0	0	2	0
3	SLC5A3	0	0	2	0
3	AFF4	2	0	5	2
3	TPR	0	0	2	0
3	ARL10	0	0	2	0
3	PTPN14	2	0	5	2
3	SLC38A1	2	0	5	2
3	DOCK7	0	0	2	0
3	FRY	2	0	5	2
3	FASN	1	0	4	1
3	NR4A1	11	7	16	11
3	PRKDC	0	0	2	0
3	UBR5	2	0	5	2
3	RAB3B	1	0	4	1
3	IQGAP1	17	12	23	17
3	SLC7A11	6	3	10	6
3	AGPS	0	0	2	0
3	KIAA1462	22	17	28	22
3	FLNB	0	0	2	0
3	TNRC6A	1	0	4	1
3	NUP98	1	0	4	1
3	CACNA1A	0	0	2	0
3	LYST	0	0	2	0
3	TMOD2	0	0	2	0
3	SPTAN1	11	7	16	11
3	C17orf51	2	0	5	2
3	ZFC3H1	1	0	4	1
3	TLN1	3	1	7	4
3	DSEL	0	0	2	0
3	CBX5	6	3	10	6
3	ZC3H13	0	0	2	0
3	FLNC	4	2	8	5
3	PRPF8	6	3	10	6
3	AKAP11	0	0	2	0
3	PCNX	0	0	2	0
3	NKTR	1	0	4	1
3	C14orf132	1	0	4	1
3	VCAN	11	7	16	11
3	SCUBE3	1	0	4	1
3	CASC5	1	0	4	1
3	USP34	0	0	2	0
3	VPS13D	1	0	4	1
3	SSH1	1	0	4	1
3	TNC	14	10	20	15
3	STARD9	0	0	2	0
3	SVEP1	6	3	10	6
3	VPS13A	1	0	4	1
3	SIPA1L3	3	1	7	4
3	FBN1	3	1	7	4
3	MYH10	2	0	5	2
3	NOTCH2	1	0	4	1
3	QSER1	0	0	2	0
3	PLXNA1	0	0	2	0
3	KIAA2018	2	0	5	2
3	REV3L	0	0	2	0
3	PRRC2B	24	19	31	25
3	AMOTL1	7	4	11	7
3	PRKCA	0	0	2	0
3	NRIP1	2	0	5	2
3	CEP250	0	0	2	0
3	USP9X	2	0	5	2
3	DYNC1H1	7	4	11	7
3	BRCA2	0	0	2	0
3	ALPK2	1	0	4	1
3	FOSB	6	3	10	6
3	SON	2	0	5	2
3	PAPPA	3	1	7	4
3	LRP1	6	3	10	6
3	ROCK2	11	7	16	11
3	DOPEY1	1	0	4	1
3	DIP2B	1	0	4	1
3	NUMA1	1	0	4	1
3	THSD4	0	0	2	0
3	CENPF	0	0	2	0
3	PHIP	0	0	2	0
3	GPR107	12	8	17	12
3	FLNA	6	3	10	6
3	FBN2	6	3	10	6
3	CHD8	0	0	2	0
3	CBL	0	0	2	0
3	LUZP1	0	0	2	0
3	SRRM2	0	0	2	0
3	ASCC3	3	1	7	4
3	NF1	0	0	2	0
3	ANKRD52	1	0	4	1
3	CKAP5	4	2	8	5
3	GTF3C1	0	0	2	0
3	UBR2	0	0	2	0
3	ALMS1	0	0	2	0
3	IGF2R	8	5	13	9
3	DIP2C	1	0	4	1
3	H6PD	1	0	4	1
3	FZD4	0	0	2	0
3	DNAJC13	0	0	2	0
3	SMARCA5	4	2	8	5
3	MED14	1	0	4	1
3	EGFR	1	0	4	1
3	HELZ2	1	0	4	1
3	COL7A1	0	0	2	0
3	KIAA1147	0	0	2	0
3	HIVEP2	2	0	5	3
3	KIDINS220	3	1	7	4
3	RNF169	0	0	2	0
3	POLQ	0	0	2	0
3	ITGA2	1	0	4	1
3	ZKSCAN2	0	0	2	0
3	HEATR5B	0	0	2	0
3	PIK3CA	0	0	2	0
3	LMTK2	0	0	2	0
3	MALAT1	4	2	8	5
3	MKI67	2	0	5	2
3	MAN1A2	1	0	4	1
3	COL5A1	17	12	23	17
3	FAM208B	1	0	4	1
3	HERC2	0	0	2	0
3	SPTBN1	18	13	24	19
33	ITGA2	1	0	4	1
33	AGPS	2	0	5	2
33	PAPPA	13	9	19	14
33	NR4A1	8	5	13	9
33	PCNX	2	0	5	2
33	LUZP1	2	1	5	2
33	FLNC	26	20	32	26
33	HERC2	1	0	4	1
33	NKTR	0	0	2	0
33	PRKDC	5	2	8	5
33	H6PD	8	5	13	9
33	FLNA	150	137	165	152
33	RNF169	0	0	2	0
33	DOPEY1	2	0	5	3
33	PLXNA1	1	0	4	1
33	HEATR5B	0	0	2	0
33	FZD4	0	0	2	0
33	TEAD1	18	14	24	19
33	SPTBN1	30	24	37	30
33	FYCO1	2	1	5	2
33	ASCC3	6	3	10	6
33	PRKCA	5	2	8	5
33	VCAN	6	3	10	6
33	MKI67	1	0	4	1
33	NOTCH2	5	2	8	5
33	ATP11A	4	2	8	5
33	DSEL	2	0	5	2
33	FOSB	4	2	8	5
33	TNC	34	28	42	35
33	PIEZO1	3	1	7	4
33	AFAP1	8	5	13	9
33	DNAJC13	8	5	13	9
33	NUMA1	11	7	16	11
33	FBN2	46	39	54	46
33	TMOD2	0	0	2	0
33	SCUBE3	2	0	5	3
33	KPNA4	0	0	2	0
33	USP34	1	0	4	1
33	SLC5A3	1	0	4	1
33	SLC38A1	4	2	8	5
33	ABCA2	0	0	2	0
33	CREBBP	11	7	16	11
33	AFF4	6	3	10	6
33	LYST	0	0	2	0
33	ALMS1	0	0	2	0
33	HIVEP2	5	2	8	5
33	SLC7A11	0	0	2	0
33	PRRC2B	26	20	32	26
33	ARL10	0	0	2	0
33	PHIP	0	0	2	0
33	VPS13A	3	1	7	4
33	FLNB	6	4	10	6
33	TLN1	64	56	74	65
33	SVEP1	8	5	13	9
33	UBR2	1	0	4	1
33	POLQ	0	0	2	0
33	GTF3C1	15	11	20	15
33	C14orf132	9	6	14	10
33	GPR107	11	7	16	11
33	REV3L	0	0	2	0
33	MALAT1	6	3	10	6
33	UBR5	11	7	16	11
33	FBN1	40	34	49	41
33	RAB3B	3	1	7	4
33	AMOTL1	3	2	7	4
33	KIDINS220	4	2	8	5
33	NUP98	7	4	11	7
33	PTPN14	8	5	13	9
33	THSD4	3	1	7	4
33	TPR	7	4	11	7
33	PDS5A	6	3	10	6
33	KIAA1462	19	15	26	20
33	CHD8	2	1	5	2
33	KIAA2018	2	0	5	2
33	DOCK7	12	8	17	12
33	HIVEP1	5	2	8	5
33	NRIP1	3	1	7	4
33	KIAA1199	51	43	60	51
33	FAM208B	1	0	4	1
33	CEP250	5	2	8	5
33	SMARCA5	4	2	8	5
33	ZKSCAN2	0	0	2	0
33	FASN	2	0	5	2
33	MAN1A2	3	1	7	4
33	KIAA1147	0	0	2	0
33	SRRM2	22	17	28	22
33	MYH10	26	20	33	26
33	COL7A1	12	8	17	12
33	SIPA1L3	5	2	8	5
33	STARD9	0	0	2	0
33	FRY	1	0	4	1
33	TNRC6A	3	2	7	4
33	NF1	2	0	5	2
33	VPS13D	1	0	4	1
33	LMTK2	1	0	4	1
33	CACNA1A	0	0	2	0
33	AKAP11	0	0	2	0
33	ROCK2	14	11	20	15
33	DIEXF	2	1	5	2
33	SON	16	12	21	16
33	LRP1	50	43	59	51
33	DIP2C	7	4	11	8
33	QSER1	0	0	2	0
33	GTF3C4	0	0	2	0
33	EGFR	2	0	5	2
33	ZC3H13	0	0	2	0
33	DYNC1H1	32	26	39	32
33	THBS1	92	81	104	94
33	COL5A1	104	94	117	105
33	DIP2B	3	1	7	4
33	BRCA2	0	0	2	0
33	SPTAN1	38	32	46	39
33	CBX5	9	6	14	10
33	PRPF8	34	28	42	35
33	SSH1	3	2	7	4
33	HELZ2	0	0	2	0
33	C17orf51	1	0	4	1
33	ALPK2	5	2	8	5
33	IQGAP1	26	20	33	26
33	PIK3CA	2	0	5	2
33	USP9X	6	3	10	6
33	ANKRD52	1	0	4	1
33	CKAP5	3	1	7	4
33	CASC5	1	0	4	1
33	CENPF	1	0	4	1
33	USP24	3	1	7	4
33	IGF2R	22	17	28	22
33	CBL	0	0	2	0
33	ZFC3H1	2	0	5	2
33	MED14	1	0	4	1
39	EGFR	4	2	8	5
39	SLC7A11	25	20	32	26
39	MKI67	6	3	10	6
39	IGF2R	2	0	5	2
39	ZFC3H1	6	3	10	6
39	TPR	7	4	11	7
39	CASC5	1	0	4	1
39	CHD8	7	4	11	7
39	STARD9	11	7	16	11
39	DIEXF	6	3	10	6
39	ROCK2	25	20	32	26
39	PLXNA1	22	17	28	22
39	SPTAN1	23	18	30	24
39	IQGAP1	44	36	52	45
39	HIVEP1	9	6	14	10
39	FASN	30	24	38	31
39	HELZ2	1	0	4	1
39	USP24	3	1	7	4
39	SON	12	8	17	12
39	CREBBP	4	2	8	5
39	C14orf132	11	7	16	11
39	CBX5	17	12	23	17
39	FZD4	3	1	7	4
39	FOSB	27	21	34	27
39	GTF3C4	6	3	10	6
39	AFAP1	12	8	17	12
39	CENPF	11	7	16	11
39	KIAA2018	19	14	25	20
39	PHIP	1	0	4	1
39	HERC2	2	0	5	2
39	TNRC6A	13	9	19	14
39	QSER1	0	0	2	0
39	USP9X	9	6	14	10
39	COL5A1	34	28	42	35
39	TMOD2	2	0	5	2
39	SSH1	8	5	13	9
39	PRPF8	106	95	119	108
39	CBL	2	0	5	2
39	ITGA2	6	3	10	6
39	ATP11A	6	3	10	6
39	DOCK7	2	1	5	2
39	RAB3B	2	0	5	2
39	KIDINS220	6	3	10	6
39	KPNA4	6	3	10	6
39	KIAA1199	38	31	46	39
39	SLC5A3	2	0	5	2
39	FRY	7	4	11	7
39	AGPS	16	11	21	16
39	THSD4	3	1	7	4
39	LYST	6	3	10	6
39	RNF169	9	6	14	10
39	THBS1	125	113	138	127
39	H6PD	7	4	11	7
39	FLNA	84	74	96	86
39	MALAT1	12	8	17	12
39	PRRC2B	23	18	30	24
39	GTF3C1	12	8	17	12
39	MED14	4	2	8	5
39	BRCA2	6	3	10	6
39	FBN1	60	51	70	61
39	AFF4	16	11	21	16
39	SIPA1L3	12	8	17	12
39	ALPK2	2	0	5	2
39	LRP1	23	18	30	24
39	USP34	17	12	23	17
39	DSEL	3	1	7	4
39	MAN1A2	2	0	5	3
39	LUZP1	7	4	11	7
39	NR4A1	16	11	21	16
39	ZKSCAN2	3	1	7	4
39	SMARCA5	42	35	51	44
39	NKTR	3	1	7	4
39	TNC	20	16	27	21
39	COL7A1	2	0	5	2
39	SCUBE3	25	20	32	26
39	PAPPA	18	13	24	19
39	DYNC1H1	6	3	10	6
39	TEAD1	33	27	40	34
39	LMTK2	0	0	2	0
39	FLNC	27	21	34	27
39	NRIP1	25	20	32	26
39	PTPN14	2	0	5	2
39	SVEP1	20	15	27	21
39	ASCC3	9	6	14	10
39	FYCO1	1	0	4	1
39	DNAJC13	6	3	10	6
39	NUP98	4	2	8	5
39	VPS13A	18	13	24	19
39	UBR2	0	0	2	0
39	ZC3H13	11	7	16	11
39	FBN2	44	37	52	45
39	HIVEP2	0	0	2	0
39	SPTBN1	39	32	47	40
39	PDS5A	0	0	2	0
39	CACNA1A	1	0	4	1
39	KIAA1462	27	21	34	27
39	MYH10	30	24	38	31
39	PRKDC	1	0	4	1
39	PRKCA	9	6	14	10
39	ANKRD52	1	0	4	1
39	VPS13D	13	9	19	14
39	VCAN	20	16	27	21
39	POLQ	0	0	2	0
39	DIP2B	2	0	5	2
39	DIP2C	4	2	8	5
39	NUMA1	7	4	11	7
39	CEP250	1	0	4	1
39	SLC38A1	4	2	8	5
39	NOTCH2	19	15	26	20
39	ABCA2	8	5	13	9
39	AKAP11	6	3	10	6
39	FAM208B	0	0	2	0
39	UBR5	17	12	23	17
39	FLNB	11	7	16	11
39	PIK3CA	7	4	11	7
39	TLN1	25	20	32	26
39	ARL10	3	1	7	4
39	NF1	3	1	7	4
39	AMOTL1	21	16	27	21
39	PIEZO1	9	6	14	10
39	SRRM2	20	16	27	21
39	KIAA1147	1	0	4	1
39	DOPEY1	11	7	16	11
39	C17orf51	4	2	8	5
39	HEATR5B	6	3	10	6
39	GPR107	24	19	31	25
39	REV3L	2	0	5	2
39	PCNX	7	4	11	7
39	CKAP5	17	12	23	17
39	ALMS1	7	4	11	7
19	MAN1A2	2	1	5	3
19	RNF169	1	0	4	1
19	SPTAN1	28	23	35	29
19	FZD4	0	0	2	0
19	TMOD2	0	0	2	0
19	CEP250	1	0	4	1
19	REV3L	0	0	2	0
19	HIVEP2	2	1	5	3
19	NF1	6	3	10	6
19	AMOTL1	8	5	13	9
19	FRY	1	0	4	1
19	SMARCA5	6	3	10	6
19	LYST	0	0	2	0
19	USP34	2	0	5	2
19	QSER1	0	0	2	0
19	LUZP1	6	3	10	6
19	FASN	3	1	7	4
19	CENPF	1	0	4	1
19	FOSB	6	3	10	6
19	PDS5A	6	3	10	6
19	ASCC3	1	0	4	1
19	KIAA1199	93	83	104	94
19	ZFC3H1	9	6	14	10
19	THBS1	210	195	227	212
19	HELZ2	2	1	5	2
19	C17orf51	4	2	8	5
19	USP24	0	0	2	0
19	TNC	79	70	90	80
19	CACNA1A	0	0	2	0
19	SLC7A11	14	10	20	15
19	DOPEY1	2	0	5	3
19	CBL	0	0	2	0
19	PIK3CA	1	0	4	1
19	UBR5	17	12	23	17
19	AGPS	0	0	2	0
19	PRPF8	30	25	38	31
19	LMTK2	0	0	2	0
19	NRIP1	0	0	2	0
19	HEATR5B	2	0	5	2
19	DIP2B	2	1	5	2
19	CHD8	1	0	4	1
19	ALMS1	3	2	7	4
19	FBN1	152	139	167	154
19	LRP1	58	50	67	59
19	THSD4	11	7	16	11
19	AFF4	1	0	4	1
19	SCUBE3	5	2	8	5
19	DIP2C	0	0	2	0
19	KIAA1462	14	10	20	15
19	FLNB	3	1	7	4
19	PRKCA	12	8	17	12
19	SPTBN1	33	27	41	34
19	BRCA2	0	0	2	0
19	GTF3C4	0	0	2	0
19	KIAA1147	0	0	2	0
19	SSH1	8	5	13	9
19	ABCA2	0	0	2	0
19	MALAT1	4	2	8	5
19	DSEL	2	0	5	2
19	ZC3H13	2	0	5	2
19	FLNA	168	154	183	169
19	ROCK2	7	4	11	7
19	H6PD	2	0	5	2
19	ANKRD52	1	0	4	1
19	CREBBP	8	6	13	9
19	DIEXF	1	0	4	1
19	IGF2R	33	27	41	34
19	PCNX	3	1	7	4
19	SRRM2	21	16	27	21
19	MED14	0	0	2	0
19	AFAP1	24	19	31	25
19	GTF3C1	7	4	11	7
19	ATP11A	1	0	4	1
19	VPS13A	1	0	4	1
19	PTPN14	7	4	11	7
19	NOTCH2	6	3	10	6
19	USP9X	2	0	5	2
19	CASC5	0	0	2	0
19	KIAA2018	1	0	4	1
19	EGFR	6	3	10	6
19	DYNC1H1	23	18	30	24
19	GPR107	9	6	14	10
19	NUMA1	7	4	11	7
19	KIDINS220	2	0	5	2
19	PHIP	0	0	2	0
19	PRKDC	1	0	4	1
19	FBN2	139	126	153	140
19	TEAD1	18	14	24	19
19	FYCO1	2	1	5	2
19	SLC5A3	0	0	2	0
19	HERC2	3	1	7	4
19	DNAJC13	2	0	5	2
19	COL5A1	262	245	281	263
19	ITGA2	0	0	2	0
19	MYH10	14	10	20	15
19	POLQ	0	0	2	0
19	HIVEP1	9	6	14	10
19	COL7A1	7	4	11	7
19	ZKSCAN2	0	0	2	0
19	VCAN	6	3	10	6
19	FAM208B	1	0	4	1
19	VPS13D	2	0	5	2
19	UBR2	0	0	2	0
19	C14orf132	5	2	8	5
19	SVEP1	9	6	14	10
19	ALPK2	6	3	10	6
19	DOCK7	4	2	8	5
19	AKAP11	0	0	2	0
19	SIPA1L3	2	1	5	2
19	SLC38A1	8	5	13	9
19	PLXNA1	0	0	2	0
19	TLN1	47	40	55	47
19	CBX5	6	3	10	6
19	FLNC	49	42	58	50
19	IQGAP1	12	8	17	12
19	SON	29	24	37	30
19	TNRC6A	6	3	10	6
19	NUP98	3	1	7	4
19	PIEZO1	13	9	19	14
19	PAPPA	27	21	34	27
19	STARD9	3	1	7	4
19	NKTR	4	2	8	5
19	CKAP5	7	4	11	7
19	MKI67	1	0	4	1
19	ARL10	0	0	2	0
19	NR4A1	7	4	11	7
19	TPR	4	2	8	5
19	RAB3B	3	1	7	4
19	KPNA4	2	0	5	2
19	PRRC2B	12	9	17	12
38	SLC5A3	1	0	4	1
38	PCNX	5	2	8	5
38	ZFC3H1	4	2	8	5
38	DIP2B	5	2	8	5
38	FYCO1	2	0	5	2
38	FBN1	43	36	51	44
38	NRIP1	11	7	16	11
38	TPR	18	14	24	19
38	CREBBP	19	15	25	20
38	KIAA1462	34	28	42	35
38	SSH1	17	12	23	17
38	SMARCA5	7	4	11	7
38	FLNB	13	9	19	14
38	DIP2C	12	8	17	13
38	THSD4	2	0	5	2
38	TNRC6A	9	6	14	10
38	ALPK2	6	3	10	6
38	AKAP11	1	0	4	1
38	UBR2	1	0	4	1
38	SCUBE3	8	5	13	9
38	PIK3CA	2	0	5	2
38	C17orf51	2	0	5	2
38	QSER1	0	0	2	0
38	ABCA2	3	1	7	4
38	FAM208B	7	4	11	7
38	HEATR5B	2	0	5	2
38	SPTBN1	76	67	87	77
38	CHD8	3	1	7	4
38	FLNC	127	115	141	128
38	DOPEY1	1	0	4	1
38	NUMA1	1	0	4	1
38	GTF3C1	26	21	33	26
38	VPS13D	2	0	5	2
38	VPS13A	2	0	5	2
38	DIEXF	3	1	7	4
38	LYST	2	0	5	2
38	PRPF8	76	66	87	77
38	C14orf132	6	3	10	6
38	USP9X	3	1	7	4
38	SIPA1L3	0	0	2	0
38	COL7A1	1	0	4	1
38	ASCC3	11	7	16	11
38	DYNC1H1	32	26	39	32
38	POLQ	1	0	4	1
38	DOCK7	11	7	16	11
38	ARL10	2	0	5	2
38	TEAD1	27	21	34	27
38	SRRM2	39	33	47	40
38	PHIP	2	0	5	2
38	MKI67	2	0	5	2
38	LUZP1	1	0	4	1
38	FRY	1	0	4	1
38	H6PD	6	3	10	6
38	AFAP1	18	13	24	19
38	IGF2R	3	1	7	4
38	SLC7A11	4	2	8	5
38	STARD9	2	0	5	2
38	DSEL	6	3	10	6
38	NR4A1	17	12	23	17
38	TLN1	158	145	173	160
38	KIAA1199	148	135	163	150
38	DNAJC13	6	3	10	6
38	SLC38A1	6	3	10	6
38	PLXNA1	2	0	5	2
38	PIEZO1	22	17	28	23
38	MALAT1	12	8	17	12
38	AMOTL1	6	3	10	6
38	BRCA2	0	0	2	0
38	NUP98	3	1	7	4
38	ZC3H13	7	4	11	7
38	AGPS	3	1	7	4
38	LMTK2	1	0	4	1
38	CBL	0	0	2	0
38	HERC2	9	6	14	10
38	KIAA1147	1	0	4	1
38	MED14	0	0	2	0
38	ZKSCAN2	0	0	2	0
38	HIVEP1	1	0	4	1
38	GPR107	14	10	20	15
38	KIDINS220	1	0	4	1
38	PRKDC	4	2	8	5
38	AFF4	12	8	17	12
38	HIVEP2	1	0	4	1
38	LRP1	16	11	21	16
38	PAPPA	17	12	23	17
38	PDS5A	3	1	7	4
38	GTF3C4	0	0	2	0
38	IQGAP1	51	44	61	52
38	ROCK2	21	16	27	21
38	SVEP1	1	0	4	1
38	NOTCH2	12	8	17	12
38	REV3L	0	0	2	0
38	CEP250	10	6	14	10
38	RNF169	6	3	10	6
38	ATP11A	2	0	5	2
38	CBX5	7	4	11	7
38	COL5A1	71	62	82	72
38	FBN2	29	23	36	30
38	ANKRD52	13	9	19	14
38	USP24	0	0	2	0
38	RAB3B	4	2	8	5
38	PRRC2B	39	33	48	40
38	KIAA2018	4	2	8	5
38	TNC	71	62	82	72
38	USP34	3	1	7	4
38	SON	17	12	23	17
38	CKAP5	11	7	16	11
38	EGFR	4	2	8	5
38	FZD4	2	1	5	2
38	CACNA1A	1	0	4	1
38	MAN1A2	1	0	4	1
38	FOSB	2	0	5	2
38	CASC5	1	0	4	1
38	KPNA4	0	0	2	0
38	TMOD2	0	0	2	0
38	PRKCA	7	4	11	7
38	THBS1	193	178	209	196
38	NKTR	1	0	4	1
38	FASN	4	2	8	5
38	PTPN14	9	6	14	10
38	CENPF	0	0	2	0
38	SPTAN1	90	80	102	91
38	MYH10	78	68	89	79
38	NF1	11	7	16	11
38	FLNA	399	377	422	404
38	ITGA2	7	4	11	7
38	HELZ2	0	0	2	0
38	UBR5	6	3	10	6
38	ALMS1	1	0	4	1
38	VCAN	7	4	11	7
26	DOPEY1	1	0	4	1
26	NOTCH2	12	8	17	12
26	GTF3C1	13	9	19	14
26	NUMA1	6	3	10	6
26	ALPK2	6	3	10	6
26	KIAA2018	1	0	4	1
26	PHIP	1	0	4	1
26	LUZP1	1	0	4	1
26	AMOTL1	14	10	20	15
26	TNRC6A	16	11	21	16
26	CACNA1A	2	0	5	3
26	CEP250	1	0	4	1
26	POLQ	2	0	5	2
26	KPNA4	3	1	7	4
26	NRIP1	18	13	24	19
26	VPS13D	8	5	13	9
26	DOCK7	3	1	7	4
26	TMOD2	1	0	4	1
26	LYST	2	0	5	2
26	HELZ2	1	0	4	1
26	PRRC2B	35	29	43	36
26	UBR5	3	1	7	4
26	UBR2	0	0	2	0
26	KIAA1147	1	0	4	1
26	GTF3C4	0	0	2	0
26	ALMS1	6	3	10	6
26	FZD4	3	1	7	4
26	CKAP5	12	8	17	12
26	FBN2	83	74	95	85
26	USP34	12	8	17	12
26	ATP11A	4	2	8	5
26	TNC	13	9	19	14
26	DIP2B	1	0	4	1
26	RNF169	12	8	17	12
26	FLNB	4	2	8	5
26	QSER1	3	1	7	4
26	TPR	3	1	7	4
26	PTPN14	2	0	5	2
26	ZC3H13	8	5	13	9
26	FRY	2	0	5	2
26	NUP98	3	1	7	4
26	C14orf132	14	10	20	15
26	PLXNA1	8	5	13	9
26	DSEL	8	5	13	9
26	USP24	7	4	11	8
26	SLC38A1	6	3	10	6
26	CBL	8	5	13	9
26	SON	9	6	14	10
26	SVEP1	8	5	13	9
26	COL5A1	28	22	35	29
26	PRPF8	35	29	43	36
26	AGPS	6	3	10	6
26	ZFC3H1	2	0	5	2
26	STARD9	8	5	13	9
26	EGFR	8	5	13	9
26	FLNA	100	89	112	102
26	USP9X	14	10	20	15
26	FLNC	6	3	10	6
26	PRKCA	2	0	5	2
26	CHD8	4	2	8	5
26	THBS1	159	145	174	162
26	PCNX	3	1	7	4
26	KIAA1462	35	29	43	36
26	SIPA1L3	12	8	17	12
26	IGF2R	2	0	5	2
26	SRRM2	14	10	20	15
26	MED14	8	5	13	9
26	REV3L	3	1	7	4
26	PIEZO1	18	14	24	19
26	MKI67	20	16	27	21
26	SSH1	14	10	20	15
26	NKTR	6	3	10	6
26	HIVEP1	6	3	10	6
26	ROCK2	14	10	20	15
26	NF1	7	4	11	7
26	SPTBN1	33	27	40	34
26	VPS13A	12	8	17	12
26	TLN1	19	14	25	20
26	HEATR5B	1	0	4	1
26	ASCC3	12	8	17	12
26	HERC2	8	5	13	9
26	MALAT1	9	6	14	10
26	ZKSCAN2	3	1	7	4
26	DIP2C	19	15	26	20
26	ITGA2	4	2	8	5
26	FYCO1	8	5	13	9
26	DIEXF	2	0	5	2
26	CASC5	2	0	5	2
26	DYNC1H1	9	6	14	10
26	AKAP11	2	0	5	2
26	AFF4	14	10	20	15
26	VCAN	16	11	21	16
26	LRP1	13	9	19	14
26	ARL10	0	0	2	0
26	ABCA2	6	3	10	6
26	IQGAP1	34	27	42	35
26	CBX5	19	15	26	20
26	GPR107	11	7	16	11
26	TEAD1	52	45	62	54
26	RAB3B	1	0	4	1
26	BRCA2	1	0	4	1
26	SCUBE3	1	0	4	1
26	FOSB	6	3	10	6
26	SPTAN1	27	21	34	27
26	H6PD	8	5	13	9
26	PDS5A	2	0	5	2
26	ANKRD52	8	5	13	9
26	FAM208B	3	1	7	4
26	KIAA1199	8	5	13	9
26	COL7A1	3	1	7	4
26	PRKDC	3	1	7	4
26	PIK3CA	1	0	4	1
26	FBN1	22	17	28	22
26	MYH10	52	45	62	54
26	DNAJC13	1	0	4	1
26	CENPF	11	7	16	11
26	C17orf51	7	4	11	7
26	FASN	13	9	19	14
26	KIDINS220	4	2	8	5
26	THSD4	3	1	7	4
26	NR4A1	20	16	27	21
26	AFAP1	27	21	34	27
26	HIVEP2	5	2	8	5
26	SLC7A11	12	8	17	12
26	SMARCA5	12	8	17	12
26	MAN1A2	3	1	7	4
26	CREBBP	4	2	8	5
26	PAPPA	11	7	16	11
26	SLC5A3	3	1	7	4
26	LMTK2	4	2	8	5
9	COL5A1	134	122	148	135
9	NOTCH2	10	6	14	10
9	THBS1	205	189	222	207
9	SLC5A3	0	0	2	0
9	IGF2R	29	24	37	30
9	SIPA1L3	5	2	8	5
9	CKAP5	12	8	17	12
9	HELZ2	1	0	4	1
9	CENPF	2	1	5	2
9	CACNA1A	11	7	16	11
9	SPTBN1	46	39	54	46
9	FOSB	6	3	10	6
9	AGPS	0	0	2	0
9	PHIP	3	1	7	4
9	PAPPA	12	8	17	12
9	C14orf132	9	6	14	10
9	DIEXF	6	3	10	6
9	GPR107	11	7	16	11
9	CBL	0	0	2	0
9	LMTK2	2	1	5	2
9	TEAD1	11	7	16	11
9	SON	33	27	40	34
9	KIDINS220	6	3	10	6
9	USP34	1	0	4	1
9	FLNC	60	52	70	61
9	PDS5A	1	0	4	1
9	CREBBP	16	12	21	16
9	PRKCA	14	11	20	15
9	MALAT1	9	6	14	10
9	ROCK2	8	5	13	9
9	CHD8	7	4	11	7
9	AFAP1	8	5	13	9
9	SVEP1	38	31	46	39
9	DIP2B	0	0	2	0
9	ANKRD52	5	2	8	5
9	TNRC6A	3	1	7	4
9	POLQ	1	0	4	1
9	HIVEP1	0	0	2	0
9	KIAA1462	16	12	22	16
9	NR4A1	6	3	10	6
9	ITGA2	6	3	10	6
9	SRRM2	25	20	32	26
9	ALMS1	1	0	4	1
9	SSH1	9	6	14	10
9	FZD4	2	0	5	2
9	PLXNA1	11	7	16	11
9	SMARCA5	3	1	7	4
9	NRIP1	6	3	10	6
9	NKTR	3	1	7	4
9	FBN2	173	159	189	175
9	FRY	1	0	4	1
9	CEP250	5	2	8	5
9	PIK3CA	0	0	2	0
9	DIP2C	15	11	20	15
9	SCUBE3	14	11	20	15
9	ALPK2	8	5	13	9
9	VPS13A	1	0	4	1
9	PRRC2B	16	12	21	16
9	MAN1A2	6	3	10	6
9	THSD4	7	4	11	7
9	FLNB	6	3	10	6
9	FLNA	150	137	165	152
9	UBR5	7	4	11	7
9	DSEL	12	8	17	12
9	NF1	0	0	2	0
9	ABCA2	6	3	10	6
9	KIAA1147	1	0	4	1
9	KPNA4	1	0	4	1
9	H6PD	14	11	20	15
9	LYST	1	0	4	1
9	SLC38A1	11	7	16	11
9	CBX5	4	2	8	5
9	C17orf51	2	1	5	2
9	GTF3C4	1	0	4	1
9	KIAA1199	216	200	233	217
9	AFF4	7	4	11	7
9	FASN	0	0	2	0
9	UBR2	0	0	2	0
9	ZC3H13	5	2	8	5
9	TPR	7	4	11	7
9	STARD9	1	0	4	1
9	ASCC3	7	4	11	7
9	REV3L	3	1	7	4
9	KIAA2018	1	0	4	1
9	NUP98	4	2	8	5
9	VCAN	4	2	8	5
9	DOPEY1	0	0	2	0
9	ATP11A	0	0	2	0
9	RNF169	1	0	4	1
9	FYCO1	3	1	7	4
9	IQGAP1	35	29	43	36
9	USP9X	3	1	7	4
9	PCNX	6	3	10	6
9	PTPN14	18	14	24	19
9	GTF3C1	21	16	27	21
9	LRP1	110	98	122	111
9	ZFC3H1	1	0	4	1
9	FAM208B	3	1	7	4
9	TNC	120	109	133	121
9	HIVEP2	3	1	7	4
9	PRPF8	27	21	34	27
9	PIEZO1	21	16	27	21
9	CASC5	1	0	4	1
9	VPS13D	2	1	5	2
9	AMOTL1	8	5	13	9
9	MKI67	3	1	7	4
9	BRCA2	1	0	4	1
9	DYNC1H1	49	42	58	50
9	DNAJC13	5	2	8	5
9	FBN1	114	103	127	115
9	ARL10	0	0	2	0
9	DOCK7	5	2	8	5
9	ZKSCAN2	0	0	2	0
9	QSER1	1	0	4	1
9	TMOD2	0	0	2	0
9	PRKDC	0	0	2	0
9	SPTAN1	27	22	34	27
9	TLN1	33	27	41	34
9	USP24	1	0	4	1
9	NUMA1	26	21	33	26
9	SLC7A11	11	7	16	11
9	HERC2	0	0	2	0
9	AKAP11	1	0	4	1
9	MED14	0	0	2	0
9	COL7A1	13	9	19	14
9	RAB3B	0	0	2	0
9	MYH10	33	27	41	34
9	EGFR	7	4	11	7
9	LUZP1	3	1	7	4
9	HEATR5B	0	0	2	0
34	QSER1	0	0	2	0
34	KPNA4	0	0	2	0
34	GPR107	16	11	21	16
34	FLNA	4	2	8	5
34	H6PD	0	0	2	0
34	THBS1	76	66	87	77
34	CHD8	0	0	2	0
34	STARD9	0	0	2	0
34	KIAA1462	22	17	28	22
34	CASC5	0	0	2	0
34	HERC2	0	0	2	0
34	VPS13A	0	0	2	0
34	CKAP5	3	1	7	4
34	ZFC3H1	2	1	5	2
34	SPTBN1	39	32	47	40
34	DOPEY1	0	0	2	0
34	PIK3CA	0	0	2	0
34	NUMA1	1	0	4	1
34	ALMS1	0	0	2	0
34	USP9X	1	0	4	1
34	SPTAN1	41	34	50	42
34	SLC7A11	1	0	4	1
34	AKAP11	0	0	2	0
34	TPR	7	4	11	7
34	CREBBP	0	0	2	0
34	HIVEP1	0	0	2	0
34	LYST	0	0	2	0
34	GTF3C1	2	0	5	2
34	PLXNA1	0	0	2	0
34	CACNA1A	0	0	2	0
34	NR4A1	7	4	11	7
34	REV3L	0	0	2	0
34	KIAA2018	2	0	5	2
34	SLC5A3	1	0	4	1
34	TNC	6	3	10	6
34	PRKCA	1	0	4	1
34	SIPA1L3	3	1	7	4
34	ABCA2	0	0	2	0
34	DYNC1H1	8	5	13	9
34	TMOD2	1	0	4	1
34	PAPPA	4	2	8	5
34	VCAN	7	4	11	7
34	C17orf51	1	0	4	1
34	FASN	1	0	4	1
34	USP24	0	0	2	0
34	COL5A1	7	4	11	7
34	FLNC	6	3	10	6
34	CENPF	1	0	4	1
34	PHIP	1	0	4	1
34	PRRC2B	6	3	10	6
34	UBR2	0	0	2	0
34	SVEP1	3	1	7	4
34	USP34	1	0	4	1
34	PTPN14	1	0	4	1
34	ASCC3	0	0	2	0
34	ANKRD52	1	0	4	1
34	CEP250	0	0	2	0
34	PDS5A	1	0	4	1
34	THSD4	0	0	2	0
34	PRKDC	0	0	2	0
34	ATP11A	2	0	5	2
34	IQGAP1	7	4	11	7
34	ZC3H13	0	0	2	0
34	MAN1A2	7	4	11	8
34	VPS13D	1	0	4	1
34	LUZP1	0	0	2	0
34	POLQ	0	0	2	0
34	FZD4	0	0	2	0
34	MED14	0	0	2	0
34	FOSB	0	0	2	0
34	COL7A1	1	0	4	1
34	HELZ2	0	0	2	0
34	FRY	2	0	5	2
34	CBL	0	0	2	0
34	SLC38A1	12	8	17	12
34	AFF4	0	0	2	0
34	EGFR	0	0	2	0
34	LMTK2	0	0	2	0
34	IGF2R	0	0	2	0
34	ALPK2	0	0	2	0
34	DIEXF	1	0	4	1
34	FYCO1	0	0	2	0
34	PRPF8	22	17	28	22
34	DIP2C	2	0	5	3
34	MKI67	6	3	10	6
34	MALAT1	0	0	2	0
34	DNAJC13	1	0	4	1
34	FAM208B	0	0	2	0
34	SRRM2	1	0	4	1
34	TNRC6A	1	0	4	1
34	RAB3B	1	0	4	1
34	AGPS	0	0	2	0
34	PIEZO1	4	2	8	5
34	DOCK7	0	0	2	0
34	MYH10	9	6	14	10
34	HIVEP2	0	0	2	0
34	KIAA1147	0	0	2	0
34	PCNX	0	0	2	0
34	NF1	0	0	2	0
34	SMARCA5	13	9	18	14
34	NRIP1	4	2	8	5
34	UBR5	3	1	7	4
34	KIDINS220	1	0	4	1
34	SSH1	2	0	5	2
34	NOTCH2	11	7	16	11
34	SON	1	0	4	1
34	LRP1	4	2	8	5
34	SCUBE3	1	0	4	1
34	DIP2B	0	0	2	0
34	FBN2	12	8	17	12
34	CBX5	4	2	8	5
34	ROCK2	0	0	2	0
34	ITGA2	3	1	7	4
34	ARL10	1	0	4	1
34	RNF169	0	0	2	0
34	ZKSCAN2	1	0	4	1
34	TEAD1	6	3	10	6
34	NUP98	0	0	2	0
34	FLNB	3	1	7	4
34	FBN1	6	3	10	6
34	GTF3C4	0	0	2	0
34	HEATR5B	0	0	2	0
34	DSEL	1	0	4	1
34	BRCA2	0	0	2	0
34	AMOTL1	6	3	10	6
34	TLN1	45	38	54	46
34	NKTR	0	0	2	0
34	KIAA1199	7	4	11	7
34	AFAP1	1	0	4	1
34	C14orf132	6	3	10	6
6	PHIP	0	0	2	0
6	TNRC6A	3	1	7	4
6	AGPS	1	0	4	1
6	PDS5A	3	1	7	4
6	ROCK2	22	17	28	22
6	HIVEP2	0	0	2	0
6	COL7A1	1	0	4	1
6	ASCC3	4	2	8	5
6	DIP2B	0	0	2	0
6	QSER1	0	0	2	0
6	DOCK7	4	2	8	5
6	FLNC	31	25	39	32
6	AMOTL1	3	1	7	4
6	KPNA4	0	0	2	0
6	KIAA2018	3	1	7	4
6	NKTR	2	0	5	2
6	ZFC3H1	6	3	10	6
6	CBL	0	0	2	0
6	TPR	3	1	7	4
6	REV3L	1	0	4	1
6	DOPEY1	1	0	4	1
6	NF1	2	0	5	2
6	H6PD	11	7	16	11
6	VCAN	41	34	50	42
6	CENPF	2	0	5	2
6	IGF2R	13	9	19	14
6	FBN2	18	13	24	19
6	USP24	1	0	4	1
6	SCUBE3	3	1	7	4
6	TNC	20	16	27	21
6	CHD8	2	0	5	2
6	FLNB	1	0	4	1
6	C17orf51	8	5	13	9
6	CREBBP	2	0	5	2
6	AKAP11	0	0	2	0
6	NR4A1	17	12	23	17
6	VPS13A	3	1	7	4
6	NUP98	3	1	7	4
6	UBR2	1	0	4	1
6	CEP250	1	0	4	1
6	SIPA1L3	6	3	10	6
6	NOTCH2	3	1	7	4
6	SPTAN1	62	54	72	64
6	PCNX	1	0	4	1
6	DYNC1H1	11	7	16	11
6	GTF3C1	3	1	7	4
6	PLXNA1	7	4	11	7
6	FLNA	194	179	211	197
6	LRP1	19	15	26	20
6	SLC38A1	3	1	7	4
6	ATP11A	2	0	5	2
6	ALPK2	1	0	4	1
6	FZD4	0	0	2	0
6	COL5A1	82	72	93	84
6	LYST	2	0	5	2
6	CKAP5	8	5	13	9
6	PRKCA	3	1	7	4
6	GPR107	7	4	11	7
6	CASC5	3	1	7	4
6	PTPN14	0	0	2	0
6	KIDINS220	4	2	8	5
6	TMOD2	0	0	2	0
6	MYH10	35	29	43	36
6	TLN1	86	76	97	87
6	SSH1	2	0	5	2
6	ARL10	0	0	2	0
6	USP34	0	0	2	0
6	MAN1A2	2	0	5	3
6	PAPPA	17	12	23	17
6	RNF169	0	0	2	0
6	SMARCA5	12	8	17	12
6	LMTK2	1	0	4	1
6	SON	6	3	10	6
6	FRY	2	0	5	2
6	NRIP1	2	0	5	2
6	FYCO1	2	0	5	2
6	LUZP1	2	0	5	2
6	HERC2	0	0	2	0
6	STARD9	0	0	2	0
6	SPTBN1	29	23	36	30
6	SLC7A11	8	5	13	9
6	DIEXF	3	1	7	4
6	FASN	3	1	7	4
6	AFF4	9	6	14	10
6	KIAA1199	46	39	55	47
6	C14orf132	6	3	10	6
6	FBN1	27	21	34	27
6	CACNA1A	0	0	2	0
6	HIVEP1	3	1	7	4
6	PIK3CA	2	0	5	2
6	ZC3H13	4	2	8	5
6	HELZ2	0	0	2	0
6	GTF3C4	1	0	4	1
6	FOSB	9	6	14	10
6	EGFR	2	0	5	2
6	ZKSCAN2	1	0	4	1
6	HEATR5B	0	0	2	0
6	VPS13D	2	0	5	2
6	POLQ	0	0	2	0
6	PRRC2B	4	2	8	5
6	ITGA2	11	7	16	11
6	MED14	3	1	7	4
6	RAB3B	6	3	10	6
6	TEAD1	21	16	27	21
6	PRPF8	19	14	25	20
6	PIEZO1	12	8	17	13
6	MKI67	18	14	24	19
6	SLC5A3	1	0	4	1
6	MALAT1	27	21	34	27
6	SVEP1	6	3	10	6
6	AFAP1	9	6	14	10
6	KIAA1462	14	10	20	15
6	DNAJC13	2	1	5	2
6	PRKDC	6	3	10	6
6	CBX5	31	25	39	32
6	THSD4	1	0	4	1
6	DIP2C	2	0	5	3
6	FAM208B	3	1	7	4
6	IQGAP1	34	27	42	35
6	ALMS1	2	0	5	2
6	ANKRD52	7	4	11	7
6	USP9X	1	0	4	1
6	DSEL	1	0	4	1
6	UBR5	13	9	19	14
6	KIAA1147	0	0	2	0
6	SRRM2	33	27	41	34
6	BRCA2	0	0	2	0
6	ABCA2	3	1	7	4
6	THBS1	224	208	242	228
6	NUMA1	6	3	10	6
15	TLN1	84	74	95	85
15	CACNA1A	2	1	5	3
15	NR4A1	4	2	8	5
15	PDS5A	1	0	4	1
15	DYNC1H1	31	25	38	31
15	FOSB	7	4	11	7
15	PIK3CA	0	0	2	0
15	CKAP5	11	7	16	11
15	KIAA1147	0	0	2	0
15	DOCK7	6	3	10	6
15	SLC5A3	0	0	2	0
15	PRKCA	8	5	13	9
15	VPS13A	0	0	2	0
15	HIVEP1	0	0	2	0
15	AKAP11	2	0	5	2
15	ZFC3H1	2	0	5	2
15	CENPF	0	0	2	0
15	DIP2B	2	0	5	2
15	NUP98	1	0	4	1
15	TNRC6A	1	0	4	1
15	VPS13D	2	1	5	2
15	KIAA1462	58	50	68	59
15	QSER1	0	0	2	0
15	FZD4	0	0	2	0
15	FLNC	48	41	57	49
15	TMOD2	0	0	2	0
15	GPR107	11	7	16	11
15	HERC2	3	2	7	4
15	PRPF8	24	19	31	25
15	COL5A1	145	133	160	146
15	PRRC2B	24	19	31	25
15	UBR2	1	0	4	1
15	MKI67	3	1	7	4
15	CBL	0	0	2	0
15	LUZP1	1	0	4	1
15	DIP2C	5	2	8	5
15	FBN1	93	83	104	94
15	MYH10	18	14	24	19
15	SMARCA5	7	4	11	7
15	REV3L	1	0	4	1
15	SSH1	8	5	13	9
15	HEATR5B	0	0	2	0
15	LMTK2	0	0	2	0
15	STARD9	1	0	4	1
15	PCNX	8	5	13	9
15	DOPEY1	0	0	2	0
15	SLC38A1	8	5	13	9
15	ROCK2	11	7	16	11
15	PIEZO1	17	13	23	18
15	MAN1A2	6	3	10	6
15	KPNA4	1	0	4	1
15	PRKDC	3	1	7	4
15	USP9X	1	0	4	1
15	NOTCH2	2	0	5	2
15	USP24	2	0	5	3
15	FASN	5	2	8	5
15	MED14	3	1	7	4
15	TEAD1	28	22	35	29
15	BRCA2	0	0	2	0
15	PAPPA	19	15	26	20
15	FAM208B	3	1	7	4
15	DSEL	2	0	5	2
15	USP34	2	0	5	2
15	C17orf51	0	0	2	0
15	LYST	0	0	2	0
15	ANKRD52	8	5	13	9
15	NF1	5	2	8	5
15	AFAP1	8	5	13	9
15	SLC7A11	7	4	11	7
15	RNF169	1	0	4	1
15	MALAT1	11	7	16	11
15	RAB3B	3	1	7	4
15	TPR	2	1	5	2
15	VCAN	8	5	13	9
15	SCUBE3	10	6	14	10
15	FLNA	149	136	164	151
15	C14orf132	3	1	7	4
15	CHD8	7	4	11	7
15	HIVEP2	5	2	8	5
15	IGF2R	52	44	61	52
15	ALPK2	8	5	13	9
15	SPTAN1	42	36	50	42
15	CEP250	6	3	10	6
15	KIDINS220	1	0	4	1
15	KIAA1199	37	30	45	37
15	DNAJC13	7	4	11	7
15	SON	18	14	24	19
15	HELZ2	0	0	2	0
15	SRRM2	23	18	30	24
15	ITGA2	9	6	14	10
15	PTPN14	8	5	13	9
15	SPTBN1	52	45	61	52
15	CASC5	0	0	2	0
15	EGFR	8	5	13	9
15	NKTR	0	0	2	0
15	DIEXF	1	0	4	1
15	ARL10	0	0	2	0
15	COL7A1	1	0	4	1
15	NRIP1	0	0	2	0
15	CREBBP	5	2	8	5
15	AMOTL1	7	4	11	7
15	THBS1	480	457	505	483
15	CBX5	2	0	5	2
15	SIPA1L3	3	1	7	4
15	GTF3C1	16	12	22	16
15	GTF3C4	0	0	2	0
15	NUMA1	3	1	7	4
15	ASCC3	1	0	4	1
15	KIAA2018	0	0	2	0
15	FRY	0	0	2	0
15	ATP11A	0	0	2	0
15	FBN2	125	113	138	126
15	SVEP1	20	16	27	21
15	AFF4	2	0	5	2
15	TNC	141	128	155	142
15	THSD4	7	4	11	7
15	POLQ	0	0	2	0
15	FLNB	3	1	7	4
15	LRP1	79	69	90	80
15	UBR5	8	5	13	9
15	FYCO1	19	15	26	20
15	ALMS1	0	0	2	0
15	ABCA2	0	0	2	0
15	ZKSCAN2	1	0	4	1
15	ZC3H13	1	0	4	1
15	PLXNA1	7	4	11	7
15	AGPS	1	0	4	1
15	IQGAP1	22	17	28	22
15	H6PD	17	13	23	17
15	PHIP	0	0	2	0
18	FBN1	104	94	117	106
18	TNRC6A	10	6	14	10
18	PIEZO1	32	26	39	33
18	SLC7A11	7	4	11	7
18	NF1	1	0	4	1
18	COL5A1	201	186	217	202
18	QSER1	0	0	2	0
18	SRRM2	34	28	42	35
18	PRKCA	2	0	5	2
18	USP9X	1	0	4	1
18	ANKRD52	16	11	21	16
18	KIAA1199	13	9	19	14
18	KIAA1147	1	0	4	1
18	ATP11A	2	0	5	2
18	AGPS	5	2	8	5
18	AMOTL1	9	6	14	10
18	MALAT1	12	8	17	12
18	ITGA2	6	3	10	6
18	FLNB	7	4	11	7
18	DYNC1H1	22	17	28	22
18	LUZP1	6	3	10	6
18	MYH10	19	15	26	20
18	SLC38A1	11	7	16	11
18	TNC	53	45	62	54
18	FAM208B	3	1	7	4
18	KIDINS220	0	0	2	0
18	HERC2	3	1	7	4
18	PLXNA1	4	2	8	5
18	NR4A1	2	0	5	2
18	DIEXF	2	0	5	2
18	PRKDC	3	1	7	4
18	DOPEY1	9	6	14	10
18	PDS5A	2	0	5	2
18	GTF3C4	3	1	7	4
18	SON	41	35	50	42
18	DIP2B	0	0	2	0
18	STARD9	3	1	7	4
18	POLQ	0	0	2	0
18	FYCO1	9	6	14	10
18	FLNC	29	24	37	30
18	SSH1	7	4	11	7
18	SMARCA5	8	5	13	9
18	MKI67	2	0	5	2
18	KIAA2018	4	2	8	5
18	PTPN14	8	5	13	9
18	PAPPA	22	17	28	22
18	CREBBP	3	1	7	4
18	LYST	2	0	5	2
18	IGF2R	32	26	39	32
18	UBR5	3	1	7	4
18	CASC5	3	1	7	4
18	COL7A1	13	9	19	14
18	FASN	8	5	13	9
18	HIVEP2	6	3	10	6
18	H6PD	12	8	17	12
18	RAB3B	4	2	8	5
18	SIPA1L3	6	3	10	6
18	TPR	9	6	14	10
18	CBL	0	0	2	0
18	FBN2	123	111	136	125
18	C14orf132	9	6	14	10
18	VPS13A	2	0	5	2
18	FOSB	7	4	11	7
18	TEAD1	9	6	14	10
18	LMTK2	1	0	4	1
18	PRPF8	35	29	43	36
18	ALMS1	6	3	10	6
18	DNAJC13	2	0	5	2
18	NOTCH2	18	13	24	19
18	CEP250	4	2	8	5
18	VPS13D	19	15	26	20
18	SCUBE3	11	7	16	11
18	NRIP1	3	1	7	4
18	SLC5A3	1	0	4	1
18	CKAP5	8	5	13	9
18	DSEL	2	0	5	2
18	CHD8	3	1	7	4
18	ZKSCAN2	8	5	13	9
18	GPR107	11	7	16	11
18	BRCA2	4	2	8	5
18	NUMA1	7	4	11	7
18	KIAA1462	28	23	35	29
18	TMOD2	4	2	8	5
18	AFF4	9	6	14	10
18	C17orf51	4	2	8	5
18	NUP98	3	1	7	4
18	ROCK2	8	5	13	9
18	HEATR5B	6	3	10	6
18	PIK3CA	1	0	4	1
18	ABCA2	3	1	7	4
18	USP24	2	0	5	3
18	REV3L	3	1	7	4
18	NKTR	3	1	7	4
18	TLN1	40	33	49	41
18	ARL10	2	0	5	2
18	USP34	3	1	7	4
18	MAN1A2	3	1	7	4
18	DOCK7	11	7	16	11
18	ZFC3H1	9	6	14	10
18	SPTBN1	48	41	57	49
18	CACNA1A	3	1	7	4
18	VCAN	14	10	20	15
18	CBX5	0	0	2	0
18	MED14	1	0	4	1
18	AFAP1	10	7	14	10
18	IQGAP1	16	12	21	16
18	PCNX	2	0	5	2
18	RNF169	1	0	4	1
18	FLNA	149	136	163	151
18	THSD4	12	8	17	12
18	ALPK2	10	6	14	10
18	FZD4	7	4	11	7
18	SPTAN1	54	47	64	55
18	SVEP1	7	4	11	7
18	EGFR	2	0	5	2
18	ZC3H13	6	3	10	6
18	AKAP11	3	1	7	4
18	ASCC3	9	6	14	10
18	UBR2	0	0	2	0
18	GTF3C1	8	5	13	9
18	FRY	3	1	7	4
18	DIP2C	2	0	5	3
18	HELZ2	2	1	5	2
18	HIVEP1	7	4	11	7
18	LRP1	46	39	55	47
18	PRRC2B	12	8	17	12
18	CENPF	0	0	2	0
18	PHIP	1	0	4	1
18	THBS1	533	508	559	538
18	KPNA4	1	0	4	1
21	CACNA1A	0	0	2	0
21	DOPEY1	2	0	5	3
21	FLNC	8	5	13	9
21	HERC2	0	0	2	0
21	FOSB	7	4	11	7
21	FYCO1	2	0	5	2
21	NRIP1	29	23	36	30
21	FAM208B	3	1	7	4
21	ALPK2	2	0	5	2
21	TPR	4	2	8	5
21	FLNA	35	29	43	36
21	MALAT1	28	22	35	29
21	PAPPA	3	1	7	4
21	SPTAN1	14	10	20	15
21	FLNB	2	0	5	2
21	H6PD	1	0	4	1
21	PIEZO1	24	19	31	25
21	PHIP	0	0	2	0
21	KIAA2018	3	1	7	4
21	USP24	0	0	2	0
21	SLC38A1	18	13	24	19
21	CBX5	11	7	16	11
21	PTPN14	4	2	8	5
21	CENPF	6	3	10	6
21	TEAD1	25	20	32	26
21	TNRC6A	7	4	11	7
21	SLC7A11	12	8	17	12
21	VPS13A	4	2	8	5
21	ZC3H13	1	0	4	1
21	NR4A1	7	4	11	7
21	AFAP1	2	0	5	2
21	SON	3	1	7	4
21	COL5A1	27	21	34	27
21	MYH10	12	8	17	12
21	REV3L	2	0	5	2
21	GTF3C1	6	3	10	6
21	DIP2C	11	8	16	11
21	TMOD2	0	0	2	0
21	RAB3B	7	4	11	7
21	IQGAP1	14	10	20	15
21	GTF3C4	0	0	2	0
21	ITGA2	4	2	8	5
21	DOCK7	3	1	7	4
21	PRPF8	29	23	36	30
21	KIAA1147	1	0	4	1
21	AMOTL1	2	0	5	2
21	PLXNA1	7	4	11	7
21	NF1	1	0	4	1
21	NOTCH2	5	2	8	5
21	BRCA2	6	3	10	6
21	FRY	0	0	2	0
21	PCNX	3	1	7	4
21	GPR107	13	9	19	14
21	STARD9	1	0	4	1
21	KIDINS220	3	1	7	4
21	NUP98	3	1	7	4
21	QSER1	0	0	2	0
21	CHD8	0	0	2	0
21	EGFR	1	0	4	1
21	TLN1	34	28	42	35
21	FBN2	82	72	93	84
21	CEP250	1	0	4	1
21	VCAN	16	11	21	16
21	HIVEP1	1	0	4	1
21	KIAA1462	6	3	10	6
21	AKAP11	0	0	2	0
21	UBR5	14	10	20	15
21	RNF169	0	0	2	0
21	COL7A1	3	1	7	4
21	ZFC3H1	4	2	8	5
21	FZD4	4	2	8	5
21	SMARCA5	8	5	13	9
21	LRP1	14	10	20	15
21	SCUBE3	1	0	4	1
21	NKTR	1	0	4	1
21	HIVEP2	1	0	4	1
21	TNC	42	35	51	44
21	NUMA1	3	1	7	4
21	FASN	3	1	7	4
21	SPTBN1	16	11	21	16
21	LYST	1	0	4	1
21	ARL10	0	0	2	0
21	ANKRD52	1	0	4	1
21	DIP2B	3	1	7	4
21	MED14	1	0	4	1
21	FBN1	24	19	31	25
21	PRRC2B	28	23	35	29
21	POLQ	0	0	2	0
21	CREBBP	1	0	4	1
21	MAN1A2	2	0	5	3
21	DSEL	6	3	10	6
21	PIK3CA	2	0	5	2
21	HELZ2	1	0	4	1
21	UBR2	0	0	2	0
21	PRKDC	0	0	2	0
21	ROCK2	14	10	20	15
21	LUZP1	0	0	2	0
21	SLC5A3	1	0	4	1
21	VPS13D	6	3	10	6
21	PRKCA	6	3	10	6
21	ASCC3	4	2	8	5
21	DNAJC13	3	1	7	4
21	ALMS1	1	0	4	1
21	CKAP5	9	6	14	10
21	CASC5	0	0	2	0
21	DIEXF	1	0	4	1
21	AGPS	6	3	10	6
21	SVEP1	22	17	28	22
21	AFF4	14	10	20	15
21	SSH1	0	0	2	0
21	PDS5A	1	0	4	1
21	SIPA1L3	1	0	4	1
21	KPNA4	4	2	8	5
21	C14orf132	11	7	16	11
21	KIAA1199	23	18	30	24
21	DYNC1H1	3	1	7	4
21	USP9X	2	0	5	2
21	LMTK2	0	0	2	0
21	THSD4	5	2	8	5
21	MKI67	6	3	10	6
21	SRRM2	11	7	16	11
21	HEATR5B	7	4	11	7
21	CBL	0	0	2	0
21	IGF2R	3	1	7	4
21	C17orf51	2	1	5	2
21	ABCA2	4	2	8	5
21	ZKSCAN2	0	0	2	0
21	THBS1	347	327	369	353
21	ATP11A	7	4	11	7
21	USP34	8	5	13	9
5	SCUBE3	4	2	8	5
5	PRPF8	16	11	21	16
5	ZKSCAN2	0	0	2	0
5	KIAA1199	250	234	269	252
5	FYCO1	14	11	20	15
5	DNAJC13	1	0	4	1
5	POLQ	0	0	2	0
5	PIK3CA	3	1	7	4
5	GTF3C1	18	14	24	19
5	PCNX	9	6	14	10
5	CBX5	17	12	23	17
5	HIVEP2	1	0	4	1
5	ARL10	0	0	2	0
5	UBR5	14	10	20	15
5	ABCA2	7	4	11	7
5	USP24	2	0	5	3
5	NOTCH2	4	2	8	5
5	KIAA1147	0	0	2	0
5	VCAN	24	19	31	25
5	KIAA1462	9	6	14	10
5	DIP2B	1	0	4	1
5	DOCK7	2	0	5	2
5	AKAP11	0	0	2	0
5	SIPA1L3	6	3	10	6
5	FAM208B	1	0	4	1
5	HIVEP1	6	3	10	6
5	LRP1	34	28	42	35
5	ALPK2	8	5	13	9
5	SSH1	7	4	11	7
5	NRIP1	7	4	11	7
5	SPTBN1	38	31	46	39
5	SVEP1	16	11	21	16
5	KPNA4	1	0	4	1
5	LYST	1	0	4	1
5	ZC3H13	11	7	16	11
5	PTPN14	3	1	7	4
5	PHIP	0	0	2	0
5	FLNC	24	19	31	25
5	COL7A1	11	7	16	11
5	DIEXF	2	0	5	2
5	PLXNA1	3	1	7	4
5	IQGAP1	24	19	31	25
5	DOPEY1	1	0	4	1
5	RNF169	1	0	4	1
5	PRKCA	9	6	14	10
5	CASC5	2	0	5	2
5	MYH10	28	22	35	29
5	PAPPA	12	8	17	12
5	NR4A1	29	23	36	30
5	KIDINS220	4	2	8	5
5	SLC7A11	8	5	13	9
5	LUZP1	6	3	10	6
5	TPR	6	3	10	6
5	TEAD1	27	21	34	27
5	CACNA1A	3	1	7	4
5	ITGA2	1	0	4	1
5	PRRC2B	22	17	28	22
5	MALAT1	13	9	19	14
5	C14orf132	8	5	13	9
5	SRRM2	15	11	21	16
5	PDS5A	4	2	8	5
5	LMTK2	0	0	2	0
5	ROCK2	19	14	25	20
5	FBN2	398	377	421	401
5	THBS1	172	158	188	176
5	BRCA2	0	0	2	0
5	CBL	1	0	4	1
5	QSER1	0	0	2	0
5	FLNA	218	202	236	223
5	STARD9	0	0	2	0
5	TNC	66	57	76	67
5	NUMA1	6	3	10	6
5	DSEL	0	0	2	0
5	PIEZO1	49	42	58	50
5	MED14	2	0	5	2
5	C17orf51	6	3	10	6
5	VPS13A	1	0	4	1
5	TLN1	18	13	24	19
5	HERC2	1	0	4	1
5	DYNC1H1	14	10	20	15
5	SLC38A1	13	9	19	14
5	FASN	1	0	4	1
5	AGPS	1	0	4	1
5	CKAP5	9	6	14	10
5	GTF3C4	2	0	5	2
5	CHD8	1	0	4	1
5	AFAP1	8	5	13	9
5	AFF4	1	0	4	1
5	SLC5A3	0	0	2	0
5	EGFR	2	0	5	2
5	FZD4	6	3	10	6
5	HELZ2	0	0	2	0
5	IGF2R	34	28	42	35
5	SPTAN1	32	26	39	32
5	GPR107	17	12	23	17
5	TNRC6A	14	10	20	15
5	SMARCA5	7	4	11	7
5	THSD4	8	5	13	9
5	RAB3B	3	1	7	4
5	ZFC3H1	2	0	5	2
5	ANKRD52	8	5	13	9
5	FRY	1	0	4	1
5	H6PD	12	8	17	12
5	MAN1A2	1	0	4	1
5	COL5A1	114	103	127	116
5	NKTR	1	0	4	1
5	HEATR5B	4	2	8	5
5	CENPF	4	2	8	5
5	VPS13D	6	3	10	6
5	UBR2	0	0	2	0
5	USP9X	6	3	10	6
5	DIP2C	3	1	7	4
5	AMOTL1	9	6	14	10
5	KIAA2018	0	0	2	0
5	NF1	1	0	4	1
5	FOSB	7	4	11	7
5	FBN1	54	46	63	55
5	PRKDC	0	0	2	0
5	CEP250	3	1	7	4
5	FLNB	1	0	4	1
5	NUP98	0	0	2	0
5	ALMS1	3	1	7	4
5	CREBBP	2	0	5	2
5	REV3L	3	1	7	4
5	ASCC3	4	2	8	5
5	SON	13	9	19	14
5	MKI67	11	7	16	11
5	TMOD2	1	0	4	1
5	USP34	2	0	5	2
5	ATP11A	4	2	8	5
36	HIVEP1	1	0	4	1
36	SIPA1L3	1	0	4	1
36	ARL10	0	0	2	0
36	KIAA1199	227	211	245	230
36	VPS13A	4	2	8	5
36	ROCK2	17	12	23	17
36	POLQ	0	0	2	0
36	SLC7A11	12	8	17	12
36	KIAA2018	0	0	2	0
36	DSEL	1	0	4	1
36	DIP2B	0	0	2	0
36	PRPF8	16	11	21	16
36	SMARCA5	23	18	30	24
36	MYH10	31	25	39	32
36	CBX5	11	7	16	11
36	SVEP1	31	25	39	32
36	PLXNA1	9	6	14	10
36	TMOD2	0	0	2	0
36	ANKRD52	2	0	5	2
36	VPS13D	1	0	4	1
36	SLC5A3	1	0	4	1
36	COL5A1	208	193	225	211
36	QSER1	0	0	2	0
36	FLNB	6	3	10	6
36	LUZP1	4	2	8	5
36	VCAN	16	11	21	16
36	TNRC6A	11	7	16	11
36	ZC3H13	6	3	10	6
36	IGF2R	55	47	65	56
36	PRKDC	3	1	7	4
36	PHIP	1	0	4	1
36	FRY	5	2	8	5
36	UBR5	21	16	27	21
36	MALAT1	43	36	51	44
36	TNC	33	27	40	34
36	HELZ2	1	0	4	1
36	NRIP1	4	2	8	5
36	MKI67	7	4	11	7
36	KPNA4	3	1	7	4
36	DIP2C	6	3	10	6
36	TPR	12	8	17	12
36	ALPK2	2	0	5	2
36	SON	14	10	20	15
36	CEP250	6	3	10	6
36	GTF3C1	16	11	21	16
36	NUP98	10	6	14	10
36	THBS1	511	486	537	516
36	TLN1	45	38	54	46
36	NUMA1	9	6	14	10
36	SPTAN1	17	12	23	17
36	REV3L	2	0	5	2
36	H6PD	11	7	16	11
36	C14orf132	3	1	7	4
36	NKTR	4	2	8	5
36	DNAJC13	13	9	19	14
36	STARD9	1	0	4	1
36	USP34	0	0	2	0
36	PTPN14	3	1	7	4
36	KIAA1462	53	45	62	54
36	KIDINS220	1	0	4	1
36	HIVEP2	3	1	7	4
36	PRRC2B	23	18	30	24
36	FLNC	44	37	53	45
36	PDS5A	2	0	5	2
36	SRRM2	30	24	38	31
36	UBR2	3	1	7	4
36	LYST	2	0	5	2
36	CKAP5	14	10	20	15
36	PIK3CA	6	3	10	6
36	LMTK2	1	0	4	1
36	DOCK7	8	5	13	9
36	PCNX	6	3	10	6
36	PIEZO1	27	21	34	28
36	ZFC3H1	6	3	10	6
36	USP9X	3	1	7	4
36	FZD4	0	0	2	0
36	AGPS	0	0	2	0
36	PAPPA	41	35	50	42
36	CHD8	3	1	7	4
36	NF1	3	1	7	4
36	AFF4	4	2	8	5
36	HERC2	1	0	4	1
36	MED14	0	0	2	0
36	SCUBE3	18	14	24	19
36	ITGA2	19	15	26	20
36	SPTBN1	49	42	58	50
36	USP24	1	0	4	1
36	FLNA	123	111	136	125
36	AFAP1	11	7	16	11
36	DIEXF	0	0	2	0
36	ATP11A	11	7	16	11
36	CACNA1A	7	4	11	8
36	FOSB	7	4	11	7
36	MAN1A2	3	1	7	4
36	AMOTL1	3	1	7	4
36	TEAD1	19	14	25	20
36	ABCA2	4	2	8	5
36	BRCA2	2	0	5	2
36	GTF3C4	1	0	4	1
36	PRKCA	3	1	7	4
36	COL7A1	2	0	5	2
36	NOTCH2	6	3	10	6
36	DYNC1H1	14	10	20	15
36	EGFR	1	0	4	1
36	FBN2	174	160	190	177
36	CASC5	0	0	2	0
36	GPR107	24	19	31	25
36	AKAP11	0	0	2	0
36	IQGAP1	36	30	44	37
36	RAB3B	1	0	4	1
36	ALMS1	3	1	7	4
36	FAM208B	2	1	5	2
36	LRP1	104	93	117	106
36	FASN	1	0	4	1
36	THSD4	6	3	10	6
36	KIAA1147	1	0	4	1
36	C17orf51	3	1	7	4
36	CBL	1	0	4	1
36	HEATR5B	4	2	8	5
36	SLC38A1	19	15	25	20
36	SSH1	3	1	7	4
36	ASCC3	7	4	11	7
36	CENPF	4	2	8	5
36	RNF169	0	0	2	0
36	FBN1	61	53	71	62
36	ZKSCAN2	2	0	5	2
36	NR4A1	8	5	13	9
36	CREBBP	6	3	10	6
36	FYCO1	6	3	10	6
36	DOPEY1	1	0	4	1
10	AKAP11	6	3	10	6
10	ZKSCAN2	2	0	5	2
10	USP9X	2	0	5	2
10	FYCO1	11	8	16	11
10	MAN1A2	2	0	5	3
10	TEAD1	43	36	51	44
10	IQGAP1	50	43	59	51
10	DOPEY1	2	1	5	3
10	FLNB	7	4	11	7
10	SMARCA5	11	7	16	11
10	PIEZO1	13	9	19	14
10	AFAP1	45	38	54	46
10	DIP2C	11	7	16	11
10	FRY	3	1	7	4
10	CBL	1	0	4	1
10	GPR107	28	22	35	29
10	COL7A1	2	0	5	2
10	DNAJC13	11	7	16	11
10	CACNA1A	1	0	4	1
10	SSH1	12	8	17	12
10	QSER1	0	0	2	0
10	SIPA1L3	16	12	21	16
10	SLC5A3	1	0	4	1
10	FBN1	68	59	78	69
10	CASC5	3	1	7	4
10	NRIP1	2	0	5	2
10	TNRC6A	7	4	11	7
10	ITGA2	4	2	8	5
10	ASCC3	7	4	11	7
10	SRRM2	48	40	57	49
10	MED14	2	0	5	2
10	PHIP	1	0	4	1
10	BRCA2	1	0	4	1
10	RNF169	3	1	7	4
10	LYST	4	2	8	5
10	PLXNA1	3	1	7	4
10	CHD8	4	2	8	5
10	DSEL	4	2	8	5
10	H6PD	24	19	31	25
10	FLNA	202	187	219	204
10	CEP250	8	5	13	9
10	KPNA4	1	0	4	1
10	THBS1	158	144	173	160
10	CBX5	8	5	13	9
10	PRKCA	14	10	20	15
10	DOCK7	10	6	14	10
10	SLC7A11	2	0	5	2
10	TNC	47	39	55	47
10	SPTAN1	94	84	106	95
10	PRPF8	50	42	59	51
10	DIP2B	3	1	7	4
10	REV3L	1	0	4	1
10	EGFR	2	0	5	2
10	KIAA2018	1	0	4	1
10	TLN1	62	54	72	64
10	UBR2	1	0	4	1
10	GTF3C4	2	0	5	2
10	PDS5A	8	5	13	9
10	VPS13D	2	0	5	2
10	CKAP5	16	11	21	16
10	ROCK2	32	26	39	32
10	NUMA1	18	13	24	19
10	ZC3H13	5	2	8	5
10	KIAA1462	22	17	28	22
10	USP24	2	0	5	3
10	PCNX	3	1	7	4
10	ABCA2	12	8	17	12
10	SVEP1	3	1	7	4
10	HEATR5B	6	3	10	6
10	ZFC3H1	6	3	10	6
10	CREBBP	18	14	24	19
10	FAM208B	6	3	10	6
10	MALAT1	1	0	4	1
10	HELZ2	3	1	7	4
10	NKTR	0	0	2	0
10	ALMS1	7	4	11	7
10	VPS13A	2	0	5	2
10	LUZP1	3	1	7	4
10	FLNC	137	124	151	138
10	UBR5	9	6	14	10
10	MYH10	38	31	46	39
10	HIVEP2	0	0	2	0
10	USP34	1	0	4	1
10	VCAN	3	1	7	4
10	C17orf51	1	0	4	1
10	SLC38A1	6	3	10	6
10	COL5A1	46	38	54	46
10	ATP11A	2	0	5	2
10	HERC2	12	8	17	12
10	PRKDC	8	5	13	9
10	AMOTL1	5	2	8	5
10	PTPN14	18	14	24	19
10	NOTCH2	8	5	13	9
10	NF1	5	2	8	5
10	TPR	18	14	24	19
10	KIDINS220	3	1	7	4
10	C14orf132	6	3	10	6
10	FASN	7	4	11	7
10	STARD9	3	1	7	4
10	FOSB	1	0	4	1
10	LRP1	40	34	49	41
10	FZD4	4	2	8	5
10	SON	22	17	28	22
10	PRRC2B	25	20	31	25
10	DYNC1H1	39	33	47	40
10	NUP98	3	1	7	4
10	AFF4	6	3	10	6
10	KIAA1199	24	19	31	25
10	AGPS	5	2	8	5
10	PAPPA	11	7	16	11
10	GTF3C1	14	10	20	15
10	DIEXF	4	2	8	5
10	RAB3B	11	7	16	11
10	KIAA1147	3	1	7	4
10	NR4A1	9	6	14	10
10	ALPK2	9	6	14	10
10	POLQ	2	0	5	2
10	SPTBN1	22	17	28	22
10	MKI67	1	0	4	1
10	PIK3CA	2	0	5	2
10	HIVEP1	4	2	8	5
10	SCUBE3	8	5	13	9
10	FBN2	49	42	58	50
10	IGF2R	13	9	19	14
10	CENPF	2	0	5	2
10	ARL10	1	0	4	1
10	ANKRD52	12	8	17	12
10	LMTK2	2	0	5	2
10	THSD4	4	2	8	5
10	TMOD2	1	0	4	1
16	LYST	0	0	2	0
16	CENPF	0	0	2	0
16	TMOD2	0	0	2	0
16	ALPK2	0	0	2	0
16	PRPF8	11	7	16	11
16	HIVEP2	0	0	2	0
16	BRCA2	0	0	2	0
16	ABCA2	3	1	7	4
16	FAM208B	0	0	2	0
16	MKI67	3	1	7	4
16	CACNA1A	0	0	2	0
16	FOSB	7	4	11	7
16	MAN1A2	0	0	2	0
16	HEATR5B	0	0	2	0
16	FLNB	0	0	2	0
16	ANKRD52	7	4	11	7
16	COL5A1	164	151	179	165
16	TEAD1	7	4	11	7
16	VPS13D	2	0	5	2
16	MALAT1	8	5	13	9
16	CASC5	0	0	2	0
16	PDS5A	3	1	7	4
16	CHD8	1	0	4	1
16	DIEXF	1	0	4	1
16	SIPA1L3	2	1	5	2
16	NF1	1	0	4	1
16	THSD4	1	0	4	1
16	FBN1	58	50	68	59
16	PLXNA1	2	0	5	2
16	USP34	2	0	5	2
16	GTF3C4	0	0	2	0
16	PRKCA	2	1	5	2
16	PHIP	0	0	2	0
16	STARD9	0	0	2	0
16	KIAA1199	9	6	14	10
16	SCUBE3	0	0	2	0
16	IQGAP1	5	2	8	5
16	EGFR	0	0	2	0
16	FRY	0	0	2	0
16	ROCK2	6	3	10	6
16	NOTCH2	0	0	2	0
16	NUP98	1	0	4	1
16	PRKDC	1	0	4	1
16	TNC	162	149	177	163
16	RNF169	0	0	2	0
16	CEP250	0	0	2	0
16	KIDINS220	2	0	5	2
16	GPR107	4	2	8	5
16	PIK3CA	1	0	4	1
16	HERC2	2	1	5	2
16	FLNA	147	134	161	148
16	DIP2C	5	2	8	5
16	ZFC3H1	0	0	2	0
16	VCAN	3	1	7	4
16	UBR5	1	0	4	1
16	PIEZO1	22	17	28	23
16	MED14	0	0	2	0
16	MYH10	5	2	8	5
16	FBN2	40	33	48	40
16	NRIP1	1	0	4	1
16	KPNA4	0	0	2	0
16	ITGA2	0	0	2	0
16	ARL10	0	0	2	0
16	C17orf51	2	0	5	2
16	DNAJC13	3	1	7	4
16	USP9X	0	0	2	0
16	DYNC1H1	12	9	17	12
16	NUMA1	5	2	8	5
16	NKTR	0	0	2	0
16	USP24	0	0	2	0
16	CBX5	6	3	10	6
16	FLNC	27	21	34	27
16	KIAA2018	0	0	2	0
16	PTPN14	8	5	13	9
16	GTF3C1	6	3	10	6
16	AFAP1	14	10	20	15
16	HELZ2	1	0	4	1
16	PAPPA	4	2	8	5
16	AMOTL1	3	1	7	4
16	SPTBN1	14	10	20	15
16	C14orf132	0	0	2	0
16	CBL	2	1	5	2
16	LUZP1	0	0	2	0
16	VPS13A	0	0	2	0
16	ZKSCAN2	0	0	2	0
16	ALMS1	1	0	4	1
16	PRRC2B	5	2	8	5
16	REV3L	1	0	4	1
16	KIAA1462	8	5	13	9
16	RAB3B	1	0	4	1
16	DOCK7	2	1	5	2
16	AKAP11	1	0	4	1
16	H6PD	5	2	8	5
16	THBS1	117	106	130	119
16	SVEP1	8	5	13	9
16	SPTAN1	21	16	27	21
16	HIVEP1	3	1	7	4
16	SRRM2	11	7	16	11
16	FASN	0	0	2	0
16	POLQ	0	0	2	0
16	DSEL	3	1	7	4
16	SLC38A1	6	3	10	6
16	TLN1	32	26	39	32
16	SON	10	6	14	10
16	TNRC6A	2	1	5	2
16	FYCO1	2	0	5	2
16	COL7A1	5	2	8	5
16	SMARCA5	0	0	2	0
16	FZD4	1	0	4	1
16	KIAA1147	0	0	2	0
16	DOPEY1	1	0	4	1
16	QSER1	1	0	4	1
16	IGF2R	18	13	24	19
16	CKAP5	2	0	5	2
16	DIP2B	0	0	2	0
16	UBR2	0	0	2	0
16	SSH1	5	2	8	5
16	ZC3H13	3	2	7	4
16	AGPS	3	1	7	4
16	CREBBP	1	0	4	1
16	NR4A1	3	1	7	4
16	TPR	3	1	7	4
16	SLC5A3	0	0	2	0
16	SLC7A11	6	3	10	6
16	LMTK2	0	0	2	0
16	LRP1	29	24	37	30
16	AFF4	1	0	4	1
16	ASCC3	1	0	4	1
16	PCNX	1	0	4	1
16	ATP11A	3	1	7	4
13	CACNA1A	0	0	2	0
13	NOTCH2	23	18	30	24
13	FLNC	44	36	52	45
13	MKI67	13	9	18	14
13	DOPEY1	1	0	4	1
13	PHIP	0	0	2	0
13	DIP2C	8	5	13	9
13	ROCK2	24	19	31	25
13	SVEP1	11	7	16	11
13	SSH1	9	6	14	10
13	CREBBP	3	1	7	4
13	MAN1A2	6	3	10	6
13	PRKCA	6	3	10	6
13	C14orf132	29	24	37	30
13	LUZP1	3	1	7	4
13	NUP98	4	2	8	5
13	VPS13A	3	1	7	4
13	COL5A1	18	13	24	19
13	LMTK2	1	0	4	1
13	EGFR	4	2	8	5
13	PRKDC	1	0	4	1
13	AMOTL1	18	14	24	19
13	KIDINS220	4	2	8	5
13	GTF3C4	6	3	10	6
13	DIEXF	14	10	20	15
13	DIP2B	0	0	2	0
13	SPTBN1	46	39	55	47
13	VPS13D	4	2	8	5
13	HEATR5B	1	0	4	1
13	FAM208B	6	3	10	6
13	MALAT1	20	16	27	21
13	NRIP1	34	28	42	35
13	HERC2	2	0	5	2
13	TLN1	54	46	63	55
13	LYST	11	7	16	11
13	FASN	28	22	35	29
13	PTPN14	4	2	8	5
13	TEAD1	35	29	43	36
13	PAPPA	12	8	17	12
13	AFAP1	40	34	49	41
13	SCUBE3	7	4	11	8
13	MYH10	29	23	36	30
13	CBX5	18	13	24	19
13	FOSB	11	7	16	11
13	DYNC1H1	8	5	13	9
13	QSER1	1	0	4	1
13	AGPS	0	0	2	0
13	MED14	1	0	4	1
13	ARL10	4	2	8	5
13	HIVEP1	11	7	16	11
13	SLC7A11	22	17	28	22
13	TNC	33	27	40	34
13	SPTAN1	45	38	54	46
13	H6PD	11	7	16	11
13	KPNA4	2	0	5	2
13	DNAJC13	18	13	24	19
13	NKTR	3	1	7	4
13	GTF3C1	6	3	10	6
13	ABCA2	3	1	7	4
13	SIPA1L3	11	7	16	11
13	ASCC3	18	13	24	19
13	FRY	3	1	7	4
13	REV3L	7	4	11	7
13	AKAP11	7	4	11	7
13	RNF169	4	2	8	5
13	IGF2R	7	4	11	7
13	SRRM2	20	15	27	21
13	CEP250	1	0	4	1
13	UBR2	1	0	4	1
13	CASC5	2	0	5	2
13	CHD8	1	0	4	1
13	LRP1	28	22	35	29
13	FYCO1	6	3	10	6
13	NF1	13	9	18	14
13	GPR107	23	18	30	24
13	ITGA2	19	15	25	20
13	THSD4	7	4	11	7
13	FLNA	80	71	92	82
13	THBS1	230	214	248	235
13	UBR5	8	5	13	9
13	PIK3CA	3	1	7	4
13	KIAA1462	49	41	58	50
13	SON	9	6	14	10
13	FBN2	29	23	36	30
13	KIAA2018	6	3	10	6
13	RAB3B	6	3	10	6
13	FBN1	11	7	16	11
13	IQGAP1	69	60	80	71
13	SLC5A3	7	4	11	7
13	PRPF8	58	50	68	60
13	PIEZO1	18	14	24	19
13	CKAP5	16	11	21	16
13	C17orf51	3	1	7	4
13	AFF4	12	8	17	12
13	TPR	9	6	14	10
13	PLXNA1	9	6	14	10
13	STARD9	12	8	17	12
13	DOCK7	4	2	8	5
13	ZFC3H1	19	15	26	20
13	KIAA1147	2	0	5	3
13	HIVEP2	1	0	4	1
13	PRRC2B	50	43	59	51
13	USP34	7	4	11	7
13	COL7A1	3	1	7	4
13	SMARCA5	7	4	11	7
13	ZKSCAN2	1	0	4	1
13	CENPF	4	2	8	5
13	CBL	2	0	5	2
13	HELZ2	0	0	2	0
13	TMOD2	3	1	7	4
13	ZC3H13	6	3	10	6
13	FZD4	1	0	4	1
13	SLC38A1	12	8	17	12
13	NR4A1	22	17	28	22
13	ALPK2	1	0	4	1
13	POLQ	0	0	2	0
13	PCNX	4	2	8	5
13	DSEL	2	0	5	2
13	KIAA1199	39	32	47	40
13	USP9X	2	0	5	2
13	TNRC6A	2	0	5	2
13	ANKRD52	1	0	4	1
13	ALMS1	1	0	4	1
13	ATP11A	8	5	13	9
13	VCAN	13	9	19	14
13	USP24	5	2	8	5
13	PDS5A	6	3	10	6
13	BRCA2	4	2	8	5
13	NUMA1	7	4	11	7
13	FLNB	4	2	8	5
12	DSEL	3	1	7	4
12	USP34	2	0	5	2
12	QSER1	2	0	5	2
12	VPS13A	2	0	5	2
12	ZC3H13	3	2	7	4
12	USP24	1	0	4	1
12	SIPA1L3	7	4	11	7
12	PIEZO1	22	17	28	23
12	FRY	1	0	4	1
12	FYCO1	12	9	17	12
12	PRRC2B	28	23	35	29
12	VPS13D	1	0	4	1
12	CBL	2	0	5	2
12	FASN	3	1	7	4
12	ASCC3	7	4	11	7
12	PRKCA	24	19	31	25
12	DIP2B	0	0	2	0
12	IQGAP1	39	32	47	40
12	KIAA2018	1	0	4	1
12	LRP1	38	31	46	39
12	SVEP1	13	9	19	14
12	C14orf132	18	14	24	19
12	TLN1	79	69	90	80
12	DIP2C	10	6	14	10
12	RNF169	1	0	4	1
12	ATP11A	3	1	7	4
12	CKAP5	8	5	13	9
12	ALPK2	10	6	14	10
12	DOCK7	8	5	13	9
12	MED14	1	0	4	1
12	DIEXF	2	0	5	2
12	CHD8	3	1	7	4
12	SPTBN1	54	47	64	55
12	H6PD	16	11	21	16
12	UBR2	0	0	2	0
12	CREBBP	16	12	21	16
12	CASC5	0	0	2	0
12	LUZP1	0	0	2	0
12	PHIP	0	0	2	0
12	SLC7A11	9	6	14	10
12	GTF3C1	14	10	20	15
12	REV3L	1	0	4	1
12	MAN1A2	6	3	10	6
12	ZFC3H1	6	3	10	6
12	FBN2	141	128	155	142
12	GPR107	22	17	28	22
12	COL7A1	9	6	14	10
12	POLQ	0	0	2	0
12	AMOTL1	11	7	16	11
12	RAB3B	6	3	10	6
12	SLC5A3	0	0	2	0
12	FLNB	2	0	5	2
12	TNC	67	59	78	69
12	NKTR	6	3	10	6
12	ARL10	0	0	2	0
12	AFF4	7	4	11	7
12	PRPF8	48	40	57	49
12	SSH1	9	6	14	10
12	ROCK2	24	19	31	25
12	KIAA1147	0	0	2	0
12	PAPPA	29	23	36	30
12	NUP98	0	0	2	0
12	AGPS	0	0	2	0
12	PLXNA1	3	1	7	4
12	TMOD2	1	0	4	1
12	LYST	1	0	4	1
12	KPNA4	0	0	2	0
12	EGFR	9	6	14	10
12	FLNC	60	52	70	61
12	TEAD1	22	17	28	22
12	DYNC1H1	38	31	46	39
12	STARD9	2	0	5	2
12	MYH10	44	37	53	45
12	MKI67	6	3	10	6
12	KIAA1462	26	20	33	26
12	ANKRD52	6	3	10	6
12	FOSB	6	3	10	6
12	ABCA2	5	2	8	5
12	NUMA1	9	6	14	10
12	ZKSCAN2	0	0	2	0
12	SMARCA5	9	6	14	10
12	NOTCH2	11	7	16	11
12	BRCA2	1	0	4	1
12	FLNA	209	194	226	212
12	GTF3C4	0	0	2	0
12	PRKDC	2	0	5	2
12	NF1	4	2	8	5
12	CEP250	5	2	8	5
12	SLC38A1	8	5	13	9
12	CACNA1A	3	1	7	4
12	HIVEP2	0	0	2	0
12	PCNX	8	5	13	9
12	HIVEP1	9	6	14	10
12	PIK3CA	1	0	4	1
12	DOPEY1	0	0	2	0
12	CENPF	0	0	2	0
12	AFAP1	16	11	21	16
12	HERC2	2	0	5	2
12	ITGA2	6	3	10	6
12	SRRM2	51	44	61	52
12	USP9X	3	2	7	4
12	FZD4	1	0	4	1
12	DNAJC13	8	5	13	9
12	NRIP1	5	2	8	5
12	THBS1	248	231	267	251
12	COL5A1	163	149	178	164
12	HEATR5B	0	0	2	0
12	ALMS1	3	1	7	4
12	UBR5	23	18	30	24
12	KIAA1199	96	86	108	97
12	CBX5	9	6	14	10
12	NR4A1	8	5	13	9
12	PDS5A	8	5	13	9
12	SCUBE3	7	4	11	8
12	HELZ2	0	0	2	0
12	TPR	16	11	21	16
12	VCAN	8	5	13	9
12	KIDINS220	7	4	11	7
12	THSD4	8	5	13	9
12	IGF2R	29	23	36	30
12	FBN1	74	65	85	75
12	PTPN14	12	9	17	12
12	C17orf51	2	0	5	2
12	MALAT1	20	16	27	21
12	LMTK2	0	0	2	0
12	SON	18	14	24	19
12	TNRC6A	4	2	8	5
12	FAM208B	2	0	5	2
12	AKAP11	0	0	2	0
12	SPTAN1	62	54	72	62
0	USP24	3	1	7	4
0	FASN	9	6	14	10
0	NUP98	4	2	8	5
0	SSH1	12	8	17	12
0	MED14	4	2	8	5
0	ZFC3H1	4	2	8	5
0	ZC3H13	11	7	16	11
0	PAPPA	54	46	63	55
0	ASCC3	8	5	13	9
0	RNF169	1	0	4	1
0	FAM208B	3	1	7	4
0	POLQ	2	0	5	2
0	UBR5	12	8	17	12
0	PIK3CA	9	6	14	10
0	FBN1	55	47	64	56
0	GTF3C1	21	16	27	21
0	CHD8	2	0	5	2
0	VPS13A	7	4	11	7
0	TPR	13	9	19	14
0	CASC5	1	0	4	1
0	TNC	14	10	20	15
0	UBR2	1	0	4	1
0	CACNA1A	4	2	8	5
0	VCAN	17	12	23	17
0	C14orf132	14	10	20	15
0	CEP250	1	0	4	1
0	KIAA1147	5	2	8	5
0	PRKCA	6	3	10	6
0	SPTBN1	30	24	38	31
0	AGPS	7	4	11	7
0	TMOD2	1	0	4	1
0	DYNC1H1	9	6	14	10
0	HIVEP2	2	0	5	3
0	IGF2R	34	28	42	35
0	SLC5A3	1	0	4	1
0	PHIP	1	0	4	1
0	THBS1	144	131	159	147
0	CBL	2	0	5	2
0	IQGAP1	50	42	59	51
0	HIVEP1	2	0	5	2
0	BRCA2	2	0	5	2
0	NUMA1	9	6	14	10
0	PTPN14	1	0	4	1
0	HEATR5B	1	0	4	1
0	GPR107	21	16	27	21
0	THSD4	19	15	26	20
0	CKAP5	13	9	19	14
0	HELZ2	0	0	2	0
0	NOTCH2	7	4	11	7
0	SVEP1	23	18	30	24
0	LYST	5	2	8	5
0	AFF4	9	6	14	10
0	ATP11A	2	0	5	2
0	SON	19	14	25	20
0	ABCA2	7	4	11	7
0	SLC7A11	18	13	24	19
0	HERC2	3	1	7	4
0	SCUBE3	14	10	20	15
0	TLN1	98	87	110	100
0	ROCK2	11	7	16	11
0	QSER1	2	0	5	2
0	FOSB	19	15	25	20
0	ALPK2	9	6	14	10
0	ALMS1	0	0	2	0
0	FLNC	66	57	76	67
0	MAN1A2	11	7	16	11
0	STARD9	8	5	13	9
0	KIAA2018	2	0	5	2
0	H6PD	16	11	21	16
0	ITGA2	13	9	19	14
0	LRP1	46	39	55	47
0	DIP2B	0	0	2	0
0	NR4A1	11	7	16	11
0	MALAT1	27	21	34	27
0	PRPF8	44	37	52	45
0	GTF3C4	4	2	8	5
0	PLXNA1	9	6	14	10
0	KIAA1199	97	86	109	99
0	KIAA1462	9	6	14	10
0	USP34	7	4	11	7
0	NRIP1	9	6	14	10
0	SPTAN1	48	41	57	49
0	CENPF	7	4	11	7
0	RAB3B	0	0	2	0
0	FZD4	0	0	2	0
0	AMOTL1	4	2	8	5
0	FYCO1	4	2	8	5
0	TEAD1	28	22	35	29
0	CREBBP	13	9	18	14
0	EGFR	18	13	24	19
0	USP9X	2	0	5	2
0	DSEL	1	0	4	1
0	SMARCA5	25	20	32	26
0	NF1	2	0	5	2
0	SLC38A1	8	5	13	9
0	PRRC2B	34	28	42	35
0	DOCK7	16	11	21	16
0	REV3L	3	1	7	4
0	DIP2C	2	0	5	3
0	LMTK2	1	0	4	1
0	VPS13D	1	0	4	1
0	PDS5A	2	0	5	2
0	SRRM2	30	24	38	31
0	C17orf51	3	1	7	4
0	DIEXF	2	0	5	2
0	AKAP11	4	2	8	5
0	COL5A1	216	200	234	220
0	ZKSCAN2	4	2	8	5
0	PCNX	8	5	13	9
0	DNAJC13	4	2	8	5
0	FRY	0	0	2	0
0	FLNB	7	4	11	7
0	MYH10	33	27	40	34
0	KIDINS220	9	6	14	10
0	DOPEY1	7	4	11	8
0	AFAP1	30	24	38	31
0	MKI67	17	12	23	17
0	FBN2	17	12	23	17
0	LUZP1	1	0	4	1
0	FLNA	93	82	105	95
0	COL7A1	9	6	14	10
0	ANKRD52	8	5	13	9
0	SIPA1L3	3	1	7	4
0	TNRC6A	13	9	19	14
0	PIEZO1	17	12	23	18
0	ARL10	0	0	2	0
0	PRKDC	6	3	10	6
0	NKTR	4	2	8	5
0	KPNA4	0	0	2	0
0	CBX5	13	9	19	14
32	PHIP	2	0	5	2
32	POLQ	1	0	4	1
32	NRIP1	20	16	27	21
32	PLXNA1	12	8	17	12
32	FBN2	74	64	84	75
32	KIAA1462	28	22	35	29
32	ALMS1	5	2	8	5
32	KIAA1199	92	82	104	94
32	PDS5A	6	3	10	6
32	HELZ2	3	1	7	4
32	NUP98	7	4	11	7
32	C17orf51	9	6	14	10
32	AFF4	8	5	13	9
32	HIVEP1	17	12	23	17
32	CEP250	7	4	11	7
32	DOCK7	9	6	14	10
32	SPTAN1	48	41	57	49
32	CREBBP	2	0	5	2
32	SMARCA5	23	18	29	24
32	SLC38A1	12	8	17	12
32	CENPF	7	4	11	7
32	AGPS	3	1	7	4
32	FRY	6	3	10	6
32	CBX5	12	8	17	12
32	C14orf132	14	10	20	15
32	TNRC6A	6	3	10	6
32	FLNB	16	11	21	16
32	FASN	8	5	13	9
32	HERC2	1	0	4	1
32	DNAJC13	4	2	8	5
32	NUMA1	19	15	26	20
32	ROCK2	18	13	24	19
32	SLC7A11	13	9	19	14
32	SCUBE3	7	4	11	8
32	THSD4	12	8	17	12
32	FAM208B	0	0	2	0
32	PRRC2B	21	16	27	21
32	ZKSCAN2	0	0	2	0
32	KIAA2018	4	2	8	5
32	DOPEY1	2	0	5	3
32	ASCC3	4	2	8	5
32	VPS13A	6	3	10	6
32	RNF169	4	2	8	5
32	DIEXF	9	6	14	10
32	ITGA2	9	6	14	10
32	DIP2C	15	11	20	15
32	STARD9	6	3	10	6
32	FLNC	132	120	146	133
32	SIPA1L3	18	14	24	19
32	MED14	6	3	10	6
32	ABCA2	9	6	14	10
32	FOSB	8	5	13	9
32	PCNX	6	3	10	6
32	REV3L	2	0	5	2
32	LMTK2	3	1	7	4
32	SON	11	7	16	11
32	KIAA1147	2	0	5	3
32	MYH10	36	30	44	37
32	DIP2B	2	0	5	2
32	MAN1A2	4	2	8	5
32	SPTBN1	53	45	62	54
32	ZC3H13	19	15	26	20
32	KPNA4	1	0	4	1
32	KIDINS220	8	5	13	9
32	ZFC3H1	9	6	14	10
32	IGF2R	17	13	23	17
32	USP9X	4	2	8	5
32	USP34	9	6	14	10
32	VCAN	19	14	25	20
32	TLN1	86	76	97	87
32	FYCO1	9	6	14	10
32	NKTR	6	3	10	6
32	UBR2	0	0	2	0
32	AMOTL1	25	20	32	26
32	SSH1	18	14	24	19
32	IQGAP1	114	102	127	116
32	TEAD1	32	25	39	32
32	COL5A1	133	121	147	135
32	GTF3C1	9	6	14	10
32	PIK3CA	7	4	11	7
32	RAB3B	13	9	19	14
32	SRRM2	49	41	58	50
32	MALAT1	9	6	14	10
32	ANKRD52	3	1	7	4
32	PRKDC	6	3	10	6
32	LYST	9	6	14	10
32	SLC5A3	4	2	8	5
32	NOTCH2	16	11	21	16
32	PRPF8	63	55	74	65
32	ARL10	2	0	5	2
32	QSER1	2	0	5	2
32	GPR107	21	16	27	21
32	PRKCA	22	17	28	22
32	AKAP11	2	0	5	2
32	PIEZO1	19	15	26	20
32	COL7A1	6	3	10	6
32	FZD4	2	0	5	2
32	CASC5	1	0	4	1
32	PTPN14	5	2	8	5
32	TNC	46	39	55	47
32	BRCA2	2	0	5	2
32	GTF3C4	7	4	11	7
32	FLNA	520	496	547	526
32	TMOD2	4	2	8	5
32	NF1	5	2	8	5
32	EGFR	14	10	20	15
32	USP24	1	0	4	1
32	DSEL	2	0	5	2
32	PAPPA	24	19	31	25
32	FBN1	51	44	61	52
32	MKI67	11	7	16	11
32	THBS1	192	177	208	195
32	LUZP1	4	2	8	5
32	CACNA1A	2	0	5	3
32	ATP11A	11	7	16	11
32	AFAP1	23	18	30	24
32	LRP1	53	45	62	54
32	ALPK2	9	6	14	10
32	CBL	5	2	8	5
32	HIVEP2	3	1	7	4
32	UBR5	16	11	21	16
32	TPR	9	6	14	10
32	DYNC1H1	23	18	30	24
32	HEATR5B	0	0	2	0
32	CHD8	1	0	4	1
32	CKAP5	9	6	14	10
32	H6PD	9	6	14	10
32	NR4A1	16	11	21	16
32	SVEP1	23	18	30	24
32	VPS13D	13	9	19	14
2	VCAN	8	5	13	9
2	SLC7A11	7	4	11	7
2	ANKRD52	8	5	13	9
2	ASCC3	12	8	17	12
2	UBR2	0	0	2	0
2	FZD4	1	0	4	1
2	FLNC	45	38	54	46
2	DIEXF	0	0	2	0
2	FASN	2	1	5	2
2	HIVEP1	0	0	2	0
2	NRIP1	8	5	13	9
2	MAN1A2	3	1	7	4
2	NKTR	2	0	5	2
2	GPR107	17	12	23	17
2	NF1	2	0	5	2
2	KIDINS220	3	1	7	4
2	AGPS	1	0	4	1
2	COL5A1	103	92	115	104
2	PCNX	6	3	10	6
2	RAB3B	6	3	10	6
2	NR4A1	11	7	16	11
2	PDS5A	0	0	2	0
2	NUP98	2	0	5	2
2	FBN2	98	88	111	100
2	SPTAN1	23	18	30	24
2	SVEP1	17	12	23	17
2	FBN1	61	53	71	62
2	ITGA2	0	0	2	0
2	MED14	1	0	4	1
2	DSEL	4	2	8	5
2	DOCK7	5	2	8	5
2	LUZP1	3	1	7	4
2	FLNB	3	1	7	4
2	ZFC3H1	1	0	4	1
2	FRY	0	0	2	0
2	KIAA2018	2	0	5	2
2	FYCO1	5	2	8	5
2	PTPN14	12	8	17	12
2	FAM208B	2	0	5	2
2	CREBBP	7	4	11	7
2	ARL10	0	0	2	0
2	HELZ2	0	0	2	0
2	PAPPA	17	12	23	17
2	SSH1	11	7	16	11
2	IGF2R	17	12	23	17
2	USP34	4	2	8	5
2	DIP2B	0	0	2	0
2	CBX5	12	8	17	12
2	SON	4	2	8	5
2	HIVEP2	0	0	2	0
2	RNF169	1	0	4	1
2	MALAT1	14	10	20	15
2	ALPK2	3	1	7	4
2	PRKCA	4	2	8	5
2	IQGAP1	22	17	28	22
2	KIAA1462	37	30	45	37
2	QSER1	0	0	2	0
2	VPS13D	2	0	5	2
2	REV3L	2	0	5	2
2	ABCA2	3	1	7	4
2	ALMS1	3	1	7	4
2	LRP1	39	32	47	40
2	PLXNA1	7	4	11	7
2	PRRC2B	31	25	38	31
2	FLNA	208	192	225	210
2	ZC3H13	14	10	20	15
2	GTF3C4	2	0	5	2
2	C14orf132	14	10	20	15
2	H6PD	2	0	5	2
2	THBS1	168	154	184	171
2	ZKSCAN2	2	0	5	2
2	CBL	0	0	2	0
2	PRPF8	46	39	55	47
2	PIK3CA	0	0	2	0
2	GTF3C1	7	4	11	7
2	CACNA1A	0	0	2	0
2	MYH10	53	45	62	54
2	SMARCA5	6	3	10	6
2	DYNC1H1	7	4	11	7
2	AKAP11	0	0	2	0
2	CENPF	31	25	38	31
2	PRKDC	9	6	14	10
2	TNRC6A	10	7	14	10
2	TEAD1	11	7	16	11
2	CHD8	2	0	5	2
2	HEATR5B	0	0	2	0
2	KPNA4	1	0	4	1
2	DIP2C	9	6	14	10
2	PHIP	0	0	2	0
2	TMOD2	0	0	2	0
2	CKAP5	21	16	27	21
2	LYST	1	0	4	1
2	COL7A1	1	0	4	1
2	SRRM2	37	30	45	37
2	SLC5A3	0	0	2	0
2	SCUBE3	2	0	5	3
2	EGFR	0	0	2	0
2	MKI67	41	34	49	41
2	USP9X	2	0	5	2
2	NOTCH2	1	0	4	1
2	AFAP1	13	9	19	14
2	SIPA1L3	17	13	23	17
2	AFF4	2	0	5	2
2	C17orf51	1	0	4	1
2	CASC5	0	0	2	0
2	HERC2	12	8	17	12
2	THSD4	7	4	11	7
2	TNC	36	30	44	37
2	SPTBN1	59	51	69	60
2	POLQ	1	0	4	1
2	SLC38A1	7	4	11	7
2	LMTK2	1	0	4	1
2	STARD9	0	0	2	0
2	AMOTL1	1	0	4	1
2	KIAA1199	35	29	43	36
2	DOPEY1	0	0	2	0
2	BRCA2	3	1	7	4
2	UBR5	8	5	13	9
2	CEP250	1	0	4	1
2	PIEZO1	17	13	23	18
2	VPS13A	0	0	2	0
2	NUMA1	8	5	13	9
2	FOSB	2	0	5	2
2	KIAA1147	0	0	2	0
2	DNAJC13	7	4	11	7
2	TLN1	74	65	85	75
2	ROCK2	23	18	30	24
2	TPR	17	13	23	17
2	USP24	1	0	4	1
2	ATP11A	6	3	10	6
23	CHD8	1	0	4	1
23	HEATR5B	1	0	4	1
23	NRIP1	24	19	31	25
23	NUMA1	3	1	7	4
23	FOSB	7	4	11	7
23	CBX5	17	12	23	17
23	LUZP1	0	0	2	0
23	ZC3H13	2	0	5	2
23	MED14	9	6	14	10
23	FLNA	28	22	35	29
23	SIPA1L3	4	2	8	5
23	SMARCA5	20	15	27	21
23	NKTR	4	2	8	5
23	SCUBE3	6	3	10	6
23	SRRM2	8	5	13	9
23	STARD9	3	1	7	4
23	KIAA1147	0	0	2	0
23	DIP2C	7	4	11	8
23	GPR107	17	12	23	17
23	ARL10	0	0	2	0
23	KIDINS220	2	0	5	2
23	ZKSCAN2	1	0	4	1
23	FBN2	178	164	194	179
23	AFF4	7	4	11	7
23	MYH10	20	16	27	21
23	H6PD	6	3	10	6
23	KIAA1199	87	77	98	89
23	FBN1	62	54	72	64
23	BRCA2	1	0	4	1
23	AMOTL1	6	3	10	6
23	ANKRD52	1	0	4	1
23	AKAP11	0	0	2	0
23	ZFC3H1	2	0	5	2
23	FRY	0	0	2	0
23	ROCK2	36	30	44	37
23	NR4A1	18	13	24	19
23	USP34	14	10	20	15
23	CACNA1A	0	0	2	0
23	EGFR	2	0	5	2
23	RAB3B	4	2	8	5
23	FLNC	14	10	20	15
23	TPR	11	7	16	11
23	DOPEY1	0	0	2	0
23	POLQ	0	0	2	0
23	NOTCH2	12	8	17	12
23	PRRC2B	44	37	53	45
23	RNF169	3	1	7	4
23	THBS1	271	253	290	276
23	ABCA2	14	10	20	15
23	MALAT1	27	21	34	27
23	GTF3C1	7	4	11	7
23	CKAP5	8	5	13	9
23	UBR2	1	0	4	1
23	SLC5A3	2	0	5	2
23	REV3L	1	0	4	1
23	USP24	1	0	4	1
23	HERC2	8	5	13	9
23	DSEL	6	3	10	6
23	CASC5	1	0	4	1
23	HIVEP1	3	1	7	4
23	TEAD1	19	15	26	20
23	HIVEP2	0	0	2	0
23	TLN1	43	36	51	44
23	MKI67	12	8	17	12
23	FASN	1	0	4	1
23	PTPN14	4	2	8	5
23	VPS13D	3	1	7	4
23	SSH1	6	3	10	6
23	VCAN	17	12	23	17
23	HELZ2	0	0	2	0
23	DOCK7	3	1	7	4
23	TMOD2	2	0	5	2
23	PRKCA	0	0	2	0
23	SPTBN1	40	33	48	41
23	COL5A1	63	55	74	65
23	LMTK2	0	0	2	0
23	DIP2B	1	0	4	1
23	CEP250	1	0	4	1
23	CBL	0	0	2	0
23	SPTAN1	45	38	54	46
23	FLNB	1	0	4	1
23	MAN1A2	12	8	17	13
23	SON	12	8	17	12
23	ASCC3	5	2	8	5
23	C17orf51	2	0	5	2
23	AFAP1	2	0	5	2
23	TNC	85	75	97	87
23	ATP11A	3	1	7	4
23	CENPF	2	0	5	2
23	VPS13A	1	0	4	1
23	KIAA2018	3	1	7	4
23	NUP98	4	2	8	5
23	PLXNA1	8	5	13	9
23	FYCO1	3	1	7	4
23	PRPF8	60	51	69	61
23	C14orf132	4	2	8	5
23	PAPPA	25	20	32	26
23	SVEP1	30	24	38	31
23	UBR5	16	11	21	16
23	IGF2R	13	9	19	14
23	DNAJC13	0	0	2	0
23	IQGAP1	18	13	24	19
23	COL7A1	6	3	10	6
23	QSER1	1	0	4	1
23	CREBBP	2	0	5	2
23	PIEZO1	60	52	70	61
23	SLC7A11	13	9	19	14
23	ITGA2	1	0	4	1
23	PIK3CA	1	0	4	1
23	PDS5A	3	1	7	4
23	FZD4	2	0	5	2
23	FAM208B	3	1	7	4
23	THSD4	6	3	10	6
23	DYNC1H1	8	5	13	9
23	KPNA4	3	1	7	4
23	SLC38A1	29	23	36	30
23	LYST	1	0	4	1
23	ALPK2	1	0	4	1
23	PHIP	0	0	2	0
23	PCNX	8	5	13	9
23	TNRC6A	13	9	19	14
23	LRP1	20	16	27	21
23	USP9X	1	0	4	1
23	DIEXF	2	0	5	2
23	GTF3C4	4	2	8	5
23	PRKDC	0	0	2	0
23	KIAA1462	11	7	16	11
23	AGPS	2	0	5	2
23	ALMS1	2	0	5	2
23	NF1	6	3	10	6
8	NR4A1	6	3	10	6
8	QSER1	0	0	2	0
8	PHIP	1	0	4	1
8	CHD8	3	1	7	4
8	TEAD1	16	12	21	16
8	RAB3B	4	2	8	5
8	AKAP11	0	0	2	0
8	VPS13D	8	5	13	9
8	KIAA1147	1	0	4	1
8	EGFR	0	0	2	0
8	PCNX	5	2	8	5
8	CASC5	0	0	2	0
8	ALPK2	5	2	8	5
8	FRY	1	0	4	1
8	AMOTL1	1	0	4	1
8	SON	14	10	20	15
8	STARD9	3	1	7	4
8	ALMS1	2	1	5	2
8	CEP250	1	0	4	1
8	C17orf51	1	0	4	1
8	DIEXF	0	0	2	0
8	PLXNA1	8	5	13	9
8	MKI67	0	0	2	0
8	PIK3CA	1	0	4	1
8	SVEP1	2	0	5	2
8	AFF4	1	0	4	1
8	SLC5A3	0	0	2	0
8	TMOD2	0	0	2	0
8	NF1	0	0	2	0
8	PRKCA	9	6	14	10
8	LRP1	45	38	54	46
8	NRIP1	2	0	5	2
8	AFAP1	6	3	10	6
8	SRRM2	18	14	24	19
8	VCAN	11	7	16	11
8	FOSB	2	0	5	2
8	MAN1A2	4	2	8	5
8	TNC	23	18	30	24
8	REV3L	1	0	4	1
8	PTPN14	6	3	10	6
8	ASCC3	7	4	11	7
8	UBR2	0	0	2	0
8	PRPF8	30	25	38	31
8	SLC38A1	12	8	17	12
8	DOPEY1	1	0	4	1
8	CBL	1	0	4	1
8	KPNA4	0	0	2	0
8	USP24	1	0	4	1
8	USP34	0	0	2	0
8	KIAA2018	1	0	4	1
8	MED14	0	0	2	0
8	CBX5	13	9	19	14
8	PRRC2B	11	8	16	11
8	FBN1	70	61	81	71
8	FZD4	0	0	2	0
8	FLNC	19	15	26	20
8	RNF169	1	0	4	1
8	FLNB	8	5	13	9
8	MYH10	24	19	31	25
8	CREBBP	1	0	4	1
8	UBR5	11	7	16	11
8	THSD4	14	10	20	15
8	USP9X	3	1	7	4
8	HIVEP1	6	3	10	6
8	ITGA2	3	1	7	4
8	SMARCA5	2	0	5	2
8	ZFC3H1	1	0	4	1
8	BRCA2	1	0	4	1
8	SIPA1L3	6	3	10	6
8	LMTK2	1	0	4	1
8	COL5A1	318	300	339	320
8	FYCO1	7	4	11	7
8	HERC2	3	1	7	4
8	FAM208B	5	2	8	5
8	LUZP1	3	1	7	4
8	NUMA1	5	2	8	5
8	GTF3C4	2	0	5	2
8	LYST	1	0	4	1
8	DOCK7	7	4	11	7
8	ARL10	0	0	2	0
8	NOTCH2	3	1	7	4
8	CACNA1A	0	0	2	0
8	NKTR	1	0	4	1
8	HIVEP2	0	0	2	0
8	FBN2	241	224	259	242
8	PDS5A	1	0	4	1
8	DSEL	0	0	2	0
8	DIP2C	3	1	7	4
8	IQGAP1	18	14	24	19
8	CENPF	1	0	4	1
8	CKAP5	13	9	19	14
8	KIAA1462	10	7	14	10
8	DYNC1H1	33	27	41	34
8	DNAJC13	6	3	10	6
8	FASN	3	1	7	4
8	POLQ	0	0	2	0
8	PRKDC	1	0	4	1
8	TPR	12	8	17	12
8	THBS1	209	194	226	211
8	FLNA	168	154	183	169
8	ATP11A	7	4	11	7
8	KIAA1199	124	112	137	125
8	TNRC6A	6	3	10	6
8	SPTBN1	27	22	34	27
8	KIDINS220	2	0	5	2
8	HELZ2	0	0	2	0
8	SSH1	2	0	5	2
8	GTF3C1	12	9	17	12
8	IGF2R	42	35	50	42
8	H6PD	11	8	16	11
8	VPS13A	3	1	7	4
8	SPTAN1	27	22	34	27
8	PAPPA	33	27	41	34
8	ANKRD52	10	6	14	10
8	ZC3H13	10	6	14	10
8	COL7A1	1	0	4	1
8	GPR107	9	6	14	10
8	ZKSCAN2	0	0	2	0
8	C14orf132	12	8	17	12
8	AGPS	1	0	4	1
8	HEATR5B	0	0	2	0
8	ROCK2	12	8	17	12
8	SLC7A11	6	3	10	6
8	SCUBE3	23	18	30	24
8	NUP98	1	0	4	1
8	MALAT1	7	4	11	7
8	PIEZO1	23	18	30	24
8	TLN1	48	41	57	49
8	DIP2B	5	2	8	5
8	ABCA2	5	2	8	5
22	NRIP1	2	0	5	2
22	MYH10	34	28	42	35
22	NR4A1	8	5	13	9
22	H6PD	14	10	20	15
22	STARD9	1	0	4	1
22	DIP2C	8	6	13	9
22	NKTR	2	0	5	2
22	IGF2R	17	12	23	17
22	KIAA1147	0	0	2	0
22	LMTK2	3	1	7	4
22	ZKSCAN2	1	0	4	1
22	NOTCH2	7	4	11	7
22	AMOTL1	3	1	7	4
22	AGPS	2	0	5	2
22	VPS13D	6	3	10	6
22	SIPA1L3	3	1	7	4
22	ANKRD52	6	3	10	6
22	PRPF8	23	18	30	24
22	FLNA	198	183	215	201
22	TEAD1	13	9	19	14
22	AFAP1	6	3	10	6
22	PRKDC	1	0	4	1
22	PHIP	1	0	4	1
22	CBL	0	0	2	0
22	PTPN14	12	8	17	12
22	GTF3C1	8	5	13	9
22	ABCA2	3	1	7	4
22	SLC7A11	7	4	11	7
22	DOCK7	3	1	7	4
22	NF1	0	0	2	0
22	FOSB	1	0	4	1
22	RNF169	0	0	2	0
22	CHD8	2	0	5	2
22	FRY	0	0	2	0
22	ALPK2	4	2	8	5
22	TLN1	33	27	41	34
22	UBR5	9	6	14	10
22	ARL10	0	0	2	0
22	PRRC2B	18	14	24	19
22	REV3L	2	0	5	2
22	HELZ2	2	0	5	2
22	NUMA1	5	2	8	5
22	DIEXF	3	1	7	4
22	CENPF	1	0	4	1
22	QSER1	0	0	2	0
22	LYST	0	0	2	0
22	MALAT1	25	20	32	26
22	FLNB	8	5	13	9
22	SLC5A3	0	0	2	0
22	KPNA4	1	0	4	1
22	PRKCA	9	6	14	10
22	ASCC3	7	4	11	7
22	SON	26	20	32	26
22	SPTBN1	52	44	61	52
22	THBS1	442	419	466	445
22	VCAN	13	9	19	14
22	FYCO1	12	9	17	12
22	VPS13A	0	0	2	0
22	FLNC	29	24	37	30
22	ALMS1	0	0	2	0
22	ZFC3H1	0	0	2	0
22	FBN1	111	100	124	112
22	TMOD2	0	0	2	0
22	RAB3B	7	4	11	7
22	CBX5	4	2	8	5
22	SMARCA5	7	4	11	7
22	COL7A1	12	8	17	12
22	PLXNA1	8	5	13	9
22	AFF4	6	3	10	6
22	ITGA2	0	0	2	0
22	DNAJC13	2	0	5	2
22	KIAA2018	0	0	2	0
22	SSH1	7	4	11	7
22	PIEZO1	21	16	27	21
22	KIAA1462	19	15	26	20
22	TNC	94	83	105	95
22	COL5A1	121	110	135	122
22	ATP11A	7	4	11	7
22	AKAP11	1	0	4	1
22	MKI67	3	1	7	4
22	TNRC6A	6	4	10	6
22	TPR	8	5	13	9
22	MAN1A2	2	0	5	3
22	DOPEY1	2	0	5	3
22	ROCK2	17	13	23	17
22	CKAP5	9	6	14	10
22	HEATR5B	2	0	5	2
22	PIK3CA	1	0	4	1
22	NUP98	1	0	4	1
22	C14orf132	7	4	11	7
22	HIVEP1	7	4	11	7
22	PDS5A	3	1	7	4
22	USP24	0	0	2	0
22	CACNA1A	4	2	8	5
22	SRRM2	21	16	27	21
22	DYNC1H1	29	24	37	30
22	USP9X	3	1	7	4
22	GPR107	17	12	23	17
22	SCUBE3	18	14	24	19
22	LRP1	55	47	65	56
22	MED14	1	0	4	1
22	PCNX	9	6	14	10
22	USP34	2	0	5	2
22	CREBBP	4	2	8	5
22	C17orf51	3	1	7	4
22	FZD4	5	2	8	5
22	UBR2	0	0	2	0
22	ZC3H13	4	2	8	5
22	SLC38A1	12	8	17	12
22	LUZP1	0	0	2	0
22	THSD4	8	5	13	9
22	BRCA2	1	0	4	1
22	FAM208B	0	0	2	0
22	POLQ	0	0	2	0
22	PAPPA	21	16	27	21
22	DSEL	2	0	5	2
22	KIAA1199	119	107	132	120
22	HIVEP2	1	0	4	1
22	SPTAN1	24	19	31	25
22	HERC2	3	1	7	4
22	EGFR	2	0	5	2
22	CASC5	1	0	4	1
22	IQGAP1	20	16	27	21
22	KIDINS220	4	2	8	5
22	CEP250	6	3	10	6
22	GTF3C4	1	0	4	1
22	FBN2	207	191	223	208
22	FASN	2	0	5	2
22	DIP2B	1	0	4	1
22	SVEP1	22	17	28	22
14	AGPS	0	0	2	0
14	FLNB	0	0	2	0
14	UBR5	13	9	19	14
14	QSER1	0	0	2	0
14	GTF3C1	8	5	13	9
14	FYCO1	3	1	7	4
14	FZD4	0	0	2	0
14	ZC3H13	19	15	26	20
14	SPTAN1	60	52	70	61
14	ASCC3	7	4	11	7
14	CBX5	6	3	10	6
14	COL5A1	82	72	93	84
14	BRCA2	0	0	2	0
14	NUMA1	0	0	2	0
14	CREBBP	4	2	8	5
14	SVEP1	1	0	4	1
14	POLQ	0	0	2	0
14	SMARCA5	4	2	8	5
14	DSEL	2	0	5	2
14	IGF2R	7	4	11	7
14	THSD4	2	0	5	2
14	CKAP5	4	2	8	5
14	PRPF8	27	21	34	27
14	CACNA1A	0	0	2	0
14	HELZ2	0	0	2	0
14	SLC38A1	1	0	4	1
14	NUP98	1	0	4	1
14	HEATR5B	1	0	4	1
14	ZFC3H1	6	3	10	6
14	MKI67	1	0	4	1
14	HERC2	2	0	5	2
14	PRKCA	11	7	16	11
14	HIVEP2	0	0	2	0
14	CHD8	0	0	2	0
14	TEAD1	6	3	10	6
14	CBL	0	0	2	0
14	NKTR	2	0	5	2
14	ATP11A	0	0	2	0
14	RNF169	0	0	2	0
14	ANKRD52	6	3	10	6
14	DIP2B	6	3	10	6
14	KIAA1199	54	46	63	55
14	SLC7A11	11	7	16	11
14	FLNA	186	171	202	188
14	HIVEP1	2	0	5	2
14	DIP2C	5	2	8	5
14	KPNA4	1	0	4	1
14	USP9X	1	0	4	1
14	CENPF	1	0	4	1
14	ARL10	0	0	2	0
14	CASC5	0	0	2	0
14	LUZP1	1	0	4	1
14	PIK3CA	0	0	2	0
14	LRP1	27	21	34	27
14	VCAN	12	8	17	12
14	RAB3B	0	0	2	0
14	KIAA2018	0	0	2	0
14	FRY	1	0	4	1
14	LYST	0	0	2	0
14	AKAP11	0	0	2	0
14	NRIP1	1	0	4	1
14	ROCK2	18	14	24	19
14	SPTBN1	39	32	47	40
14	FAM208B	1	0	4	1
14	USP34	1	0	4	1
14	USP24	4	2	8	5
14	SON	6	3	10	6
14	AMOTL1	1	0	4	1
14	KIDINS220	1	0	4	1
14	PIEZO1	6	3	10	6
14	SLC5A3	2	0	5	2
14	VPS13A	1	0	4	1
14	MALAT1	4	2	8	5
14	DOPEY1	1	0	4	1
14	DIEXF	0	0	2	0
14	FASN	1	0	4	1
14	SSH1	6	3	10	6
14	PHIP	0	0	2	0
14	FLNC	12	8	17	12
14	IQGAP1	13	9	19	14
14	MAN1A2	0	0	2	0
14	CEP250	0	0	2	0
14	PRRC2B	37	30	45	37
14	MYH10	38	31	46	39
14	NR4A1	7	4	11	7
14	DOCK7	8	5	13	9
14	FBN1	30	24	38	31
14	SIPA1L3	2	0	5	2
14	TNC	17	12	23	17
14	LMTK2	0	0	2	0
14	ABCA2	2	0	5	2
14	NF1	1	0	4	1
14	PTPN14	7	4	11	7
14	THBS1	108	96	120	110
14	KIAA1147	0	0	2	0
14	AFAP1	7	4	11	7
14	GTF3C4	0	0	2	0
14	TPR	11	8	16	11
14	PAPPA	14	10	20	15
14	GPR107	18	14	24	19
14	VPS13D	2	0	5	2
14	ITGA2	0	0	2	0
14	TLN1	38	31	46	39
14	TMOD2	1	0	4	1
14	DNAJC13	9	6	14	10
14	H6PD	2	0	5	2
14	REV3L	2	0	5	2
14	PRKDC	2	0	5	2
14	TNRC6A	8	5	13	9
14	FBN2	33	27	40	34
14	AFF4	0	0	2	0
14	COL7A1	9	6	14	10
14	KIAA1462	24	19	31	25
14	NOTCH2	4	2	8	5
14	SRRM2	17	12	23	17
14	EGFR	4	2	8	5
14	UBR2	0	0	2	0
14	C17orf51	1	0	4	1
14	ALPK2	0	0	2	0
14	DYNC1H1	8	5	13	9
14	C14orf132	8	5	13	9
14	PCNX	3	1	7	4
14	PLXNA1	1	0	4	1
14	FOSB	2	0	5	2
14	PDS5A	0	0	2	0
14	SCUBE3	6	3	10	6
14	ALMS1	5	2	8	5
14	STARD9	0	0	2	0
14	MED14	2	0	5	2
14	ZKSCAN2	0	0	2	0
20	LMTK2	0	0	2	0
20	FYCO1	4	2	8	5
20	KIAA1199	103	92	115	105
20	DSEL	3	1	7	4
20	H6PD	7	4	11	7
20	VPS13D	1	0	4	1
20	QSER1	1	0	4	1
20	PAPPA	9	6	14	10
20	SVEP1	22	17	28	22
20	C14orf132	3	1	7	4
20	NOTCH2	11	7	16	11
20	GPR107	8	5	13	9
20	KIAA1147	2	0	5	3
20	NRIP1	14	10	20	15
20	MYH10	43	36	51	44
20	CBL	1	0	4	1
20	TPR	3	1	7	4
20	C17orf51	3	1	7	4
20	DNAJC13	1	0	4	1
20	MED14	2	0	5	2
20	PTPN14	8	5	13	9
20	NUMA1	1	0	4	1
20	PRKCA	14	10	20	15
20	UBR5	11	7	16	11
20	USP34	6	3	10	6
20	GTF3C4	3	1	7	4
20	KIAA1462	33	27	40	34
20	KIAA2018	6	3	10	6
20	ABCA2	6	3	10	6
20	ZC3H13	7	4	11	7
20	ITGA2	6	3	10	6
20	SON	14	10	20	15
20	CREBBP	9	6	14	10
20	AKAP11	0	0	2	0
20	DYNC1H1	9	6	14	10
20	FLNA	146	133	161	148
20	HELZ2	1	0	4	1
20	CHD8	1	0	4	1
20	SPTBN1	28	22	35	29
20	USP9X	3	1	7	4
20	ROCK2	11	7	16	11
20	USP24	6	3	10	6
20	CKAP5	9	6	14	10
20	AFF4	4	2	8	5
20	IGF2R	4	2	8	5
20	MALAT1	17	12	23	17
20	HIVEP2	2	0	5	3
20	PRPF8	35	29	43	36
20	TEAD1	39	32	47	40
20	FLNB	3	1	7	4
20	BRCA2	2	0	5	2
20	COL5A1	49	42	58	50
20	NKTR	1	0	4	1
20	PIEZO1	17	12	23	18
20	ASCC3	8	5	13	9
20	DOCK7	13	9	19	14
20	SMARCA5	9	6	14	10
20	SCUBE3	3	1	7	4
20	FBN1	22	17	28	22
20	EGFR	1	0	4	1
20	MKI67	3	1	7	4
20	GTF3C1	3	1	7	4
20	PLXNA1	11	7	16	11
20	ARL10	0	0	2	0
20	POLQ	1	0	4	1
20	HERC2	3	1	7	4
20	SLC38A1	6	3	10	6
20	PIK3CA	6	3	10	6
20	DIEXF	0	0	2	0
20	SRRM2	16	11	21	16
20	CEP250	2	0	5	2
20	DOPEY1	7	4	11	8
20	FRY	3	1	7	4
20	LYST	6	3	10	6
20	UBR2	0	0	2	0
20	THSD4	1	0	4	1
20	KIDINS220	2	0	5	2
20	ATP11A	14	10	20	15
20	AFAP1	12	8	17	12
20	PCNX	4	2	8	5
20	DIP2C	5	2	8	5
20	CASC5	2	1	5	2
20	PHIP	0	0	2	0
20	ZFC3H1	9	6	14	10
20	VCAN	8	5	13	9
20	VPS13A	4	2	8	5
20	RNF169	3	1	7	4
20	COL7A1	2	0	5	2
20	SPTAN1	43	36	51	44
20	AGPS	2	0	5	2
20	CENPF	7	4	11	7
20	NR4A1	14	10	20	15
20	TMOD2	4	2	8	5
20	PRRC2B	34	28	42	35
20	KPNA4	3	1	7	4
20	RAB3B	7	4	11	7
20	THBS1	288	270	308	292
20	REV3L	2	0	5	2
20	FAM208B	0	0	2	0
20	SIPA1L3	11	7	16	11
20	AMOTL1	6	3	10	6
20	LRP1	37	30	45	37
20	TNC	27	21	34	27
20	FLNC	41	35	50	42
20	SLC7A11	6	3	10	6
20	NF1	1	0	4	1
20	TLN1	64	55	74	65
20	CBX5	7	4	11	7
20	HEATR5B	2	0	5	2
20	NUP98	1	0	4	1
20	TNRC6A	18	14	24	19
20	ALPK2	8	5	13	9
20	MAN1A2	3	1	7	4
20	PRKDC	0	0	2	0
20	ALMS1	0	0	2	0
20	SLC5A3	4	2	8	5
20	DIP2B	6	3	10	6
20	CACNA1A	4	2	8	5
20	ANKRD52	5	2	8	5
20	SSH1	4	2	8	5
20	FOSB	2	0	5	2
20	ZKSCAN2	1	0	4	1
20	FASN	7	4	11	7
20	HIVEP1	1	0	4	1
20	IQGAP1	30	24	38	31
20	PDS5A	2	0	5	2
20	FZD4	7	4	11	7
20	FBN2	61	53	71	62
20	STARD9	3	1	7	4
20	LUZP1	1	0	4	1
17	HIVEP2	6	3	10	6
17	TNRC6A	18	14	24	19
17	NUP98	8	5	13	9
17	DOPEY1	2	1	5	3
17	KIAA1462	17	12	23	17
17	DIP2B	2	0	5	2
17	NUMA1	8	5	13	9
17	QSER1	0	0	2	0
17	STARD9	3	1	7	4
17	MAN1A2	4	2	8	5
17	COL5A1	156	142	170	157
17	SMARCA5	14	10	20	15
17	ZFC3H1	7	4	11	7
17	PIK3CA	1	0	4	1
17	AFF4	4	2	8	5
17	DSEL	2	0	5	2
17	IGF2R	37	30	45	37
17	ASCC3	5	2	8	5
17	THBS1	388	367	411	393
17	SCUBE3	6	3	10	6
17	FYCO1	7	4	11	7
17	PIEZO1	34	28	42	35
17	GTF3C4	0	0	2	0
17	KIDINS220	11	7	16	11
17	FBN1	47	39	55	47
17	ALPK2	2	0	5	2
17	H6PD	6	3	10	6
17	NF1	1	0	4	1
17	IQGAP1	30	25	38	31
17	ATP11A	5	2	8	5
17	USP9X	2	0	5	2
17	MALAT1	13	9	19	14
17	ABCA2	4	2	8	5
17	CBL	0	0	2	0
17	CASC5	0	0	2	0
17	ZKSCAN2	3	1	7	4
17	FAM208B	11	7	16	11
17	ARL10	0	0	2	0
17	UBR2	0	0	2	0
17	CKAP5	8	5	13	9
17	HELZ2	0	0	2	0
17	CHD8	3	1	7	4
17	PDS5A	3	1	7	4
17	PHIP	0	0	2	0
17	NOTCH2	16	11	21	16
17	AFAP1	19	15	26	20
17	ANKRD52	16	11	21	16
17	FBN2	77	68	88	77
17	POLQ	1	0	4	1
17	FASN	2	0	5	2
17	LYST	1	0	4	1
17	KIAA2018	4	2	8	5
17	SRRM2	35	29	43	36
17	TNC	88	78	100	90
17	MED14	3	1	7	4
17	KIAA1199	50	43	59	51
17	C17orf51	7	4	11	7
17	C14orf132	2	0	5	2
17	SLC5A3	0	0	2	0
17	AGPS	0	0	2	0
17	RNF169	3	1	7	4
17	PRKCA	8	5	13	9
17	FRY	4	2	8	5
17	PTPN14	22	17	28	22
17	PLXNA1	6	3	10	6
17	HIVEP1	4	2	8	5
17	NRIP1	7	4	11	7
17	GPR107	3	2	7	4
17	BRCA2	1	0	4	1
17	MYH10	41	34	49	41
17	ROCK2	19	15	25	20
17	KPNA4	2	0	5	2
17	MKI67	49	42	58	50
17	THSD4	6	3	10	6
17	SVEP1	27	21	34	27
17	GTF3C1	8	6	13	9
17	DYNC1H1	22	17	28	22
17	SPTAN1	14	10	20	15
17	CENPF	13	9	19	14
17	SLC38A1	11	7	16	11
17	VPS13A	2	0	5	2
17	FZD4	2	0	5	2
17	USP34	11	7	16	11
17	KIAA1147	1	0	4	1
17	CBX5	29	23	36	30
17	DIEXF	1	0	4	1
17	DIP2C	11	7	16	11
17	SON	13	9	19	14
17	SIPA1L3	16	12	21	16
17	VPS13D	4	2	8	5
17	HEATR5B	1	0	4	1
17	CACNA1A	0	0	2	0
17	REV3L	2	0	5	2
17	PRRC2B	26	20	33	26
17	CREBBP	19	15	26	20
17	PRKDC	4	2	8	5
17	USP24	0	0	2	0
17	DNAJC13	12	8	17	12
17	TEAD1	23	18	30	24
17	SLC7A11	7	4	11	7
17	HERC2	8	5	13	9
17	VCAN	19	14	25	20
17	FLNA	360	339	382	364
17	LUZP1	1	0	4	1
17	FLNC	48	40	57	49
17	DOCK7	5	2	8	5
17	LMTK2	1	0	4	1
17	PAPPA	14	10	20	15
17	COL7A1	11	7	16	11
17	LRP1	33	27	40	34
17	FOSB	4	2	8	5
17	PCNX	2	0	5	2
17	SPTBN1	54	46	63	55
17	EGFR	6	3	10	6
17	ZC3H13	12	8	17	12
17	FLNB	7	4	11	7
17	TMOD2	2	1	5	2
17	AMOTL1	8	5	13	9
17	RAB3B	1	0	4	1
17	CEP250	1	0	4	1
17	ALMS1	3	1	7	4
17	SSH1	11	7	16	11
17	TLN1	89	79	100	90
17	NR4A1	14	10	20	15
17	UBR5	13	9	19	14
17	AKAP11	1	0	4	1
17	ITGA2	0	0	2	0
17	TPR	19	15	26	20
17	PRPF8	55	47	64	56
17	NKTR	1	0	4	1
25	COL7A1	0	0	2	0
25	NUMA1	8	5	13	9
25	AFF4	5	2	8	5
25	FLNA	198	183	215	201
25	KIAA2018	1	0	4	1
25	FYCO1	8	5	13	9
25	VPS13D	1	0	4	1
25	MKI67	1	0	4	1
25	FASN	2	0	5	2
25	ALPK2	2	0	5	2
25	IQGAP1	43	36	51	44
25	PRRC2B	28	23	35	29
25	ROCK2	33	27	41	34
25	ALMS1	1	0	4	1
25	TPR	11	7	16	11
25	PCNX	8	5	13	9
25	ASCC3	12	9	17	12
25	H6PD	7	4	11	7
25	MALAT1	9	6	14	10
25	POLQ	1	0	4	1
25	MAN1A2	1	0	4	1
25	AFAP1	24	19	31	25
25	DIEXF	0	0	2	0
25	SVEP1	4	2	8	5
25	DNAJC13	9	6	14	10
25	USP34	2	0	5	2
25	HEATR5B	0	0	2	0
25	TMOD2	0	0	2	0
25	FAM208B	1	0	4	1
25	HIVEP2	3	1	7	4
25	VCAN	3	1	7	4
25	DOCK7	3	1	7	4
25	PHIP	1	0	4	1
25	CHD8	2	0	5	2
25	NRIP1	8	5	13	9
25	SMARCA5	4	2	8	5
25	FRY	0	0	2	0
25	EGFR	2	0	5	2
25	CASC5	1	0	4	1
25	NUP98	5	2	8	5
25	LYST	1	0	4	1
25	C17orf51	3	1	7	4
25	PIEZO1	28	22	35	29
25	MED14	1	0	4	1
25	MYH10	42	35	50	42
25	KIAA1147	1	0	4	1
25	IGF2R	21	16	27	21
25	PTPN14	16	12	21	16
25	FLNB	5	2	8	5
25	CACNA1A	0	0	2	0
25	ITGA2	2	0	5	2
25	BRCA2	0	0	2	0
25	HERC2	4	2	8	5
25	DSEL	3	1	7	4
25	NF1	2	0	5	2
25	SRRM2	63	54	73	64
25	ABCA2	3	2	7	4
25	USP9X	8	5	13	9
25	QSER1	0	0	2	0
25	NKTR	2	0	5	2
25	KPNA4	0	0	2	0
25	CBL	0	0	2	0
25	TNRC6A	11	8	16	11
25	PRPF8	60	52	70	61
25	USP24	1	0	4	1
25	SLC38A1	8	5	13	9
25	UBR2	0	0	2	0
25	AKAP11	2	0	5	2
25	CKAP5	17	12	23	17
25	ZKSCAN2	0	0	2	0
25	SSH1	17	13	23	17
25	SIPA1L3	6	3	10	6
25	LUZP1	2	0	5	2
25	FOSB	6	3	10	6
25	FZD4	0	0	2	0
25	GTF3C4	2	0	5	2
25	SLC5A3	0	0	2	0
25	ZC3H13	13	10	19	14
25	ATP11A	4	2	8	5
25	SPTBN1	38	31	46	39
25	SPTAN1	70	62	81	71
25	C14orf132	27	22	34	27
25	VPS13A	8	5	13	9
25	NR4A1	11	7	16	11
25	PLXNA1	8	5	13	9
25	AMOTL1	13	9	19	14
25	SLC7A11	6	3	10	6
25	HELZ2	1	0	4	1
25	KIAA1199	43	36	51	44
25	FLNC	79	69	90	80
25	AGPS	0	0	2	0
25	REV3L	0	0	2	0
25	CBX5	7	4	11	7
25	THBS1	215	199	233	218
25	TLN1	75	66	86	76
25	STARD9	1	0	4	1
25	KIAA1462	40	34	49	41
25	FBN2	27	21	34	27
25	CENPF	2	0	5	2
25	LRP1	51	44	60	52
25	COL5A1	70	61	81	71
25	TNC	14	10	20	15
25	LMTK2	0	0	2	0
25	TEAD1	43	36	51	44
25	UBR5	14	10	20	15
25	CEP250	1	0	4	1
25	GPR107	16	11	21	16
25	ZFC3H1	7	4	11	7
25	CREBBP	6	3	10	6
25	PIK3CA	2	0	5	2
25	RNF169	1	0	4	1
25	PRKCA	19	15	26	20
25	PDS5A	3	1	7	4
25	SCUBE3	7	4	11	8
25	PAPPA	9	6	14	10
25	DOPEY1	0	0	2	0
25	DIP2B	2	0	5	2
25	ARL10	0	0	2	0
25	SON	27	21	34	27
25	GTF3C1	28	23	35	29
25	FBN1	69	60	79	70
25	KIDINS220	1	0	4	1
25	DIP2C	13	10	19	14
25	ANKRD52	5	2	8	5
25	PRKDC	1	0	4	1
25	DYNC1H1	37	30	45	37
25	NOTCH2	3	1	7	4
25	HIVEP1	0	0	2	0
25	RAB3B	2	0	5	2
25	THSD4	9	6	14	10
1	FLNB	1	0	4	1
1	FOSB	11	7	16	11
1	AFF4	13	9	19	14
1	CREBBP	0	0	2	0
1	FAM208B	4	2	8	5
1	VCAN	14	10	20	15
1	C14orf132	7	4	11	7
1	BRCA2	0	0	2	0
1	NF1	3	1	7	4
1	SPTAN1	30	24	38	31
1	LUZP1	0	0	2	0
1	DSEL	2	0	5	2
1	FLNC	12	8	17	12
1	QSER1	0	0	2	0
1	RAB3B	6	3	10	6
1	NRIP1	14	10	20	15
1	SSH1	2	0	5	2
1	NOTCH2	9	6	14	10
1	USP34	4	2	8	5
1	DNAJC13	2	0	5	2
1	CEP250	0	0	2	0
1	CKAP5	4	2	8	5
1	ZFC3H1	2	0	5	2
1	AMOTL1	8	5	13	9
1	KPNA4	2	0	5	2
1	PIEZO1	45	38	54	46
1	IQGAP1	7	4	11	7
1	FRY	0	0	2	0
1	AKAP11	1	0	4	1
1	PRRC2B	13	10	19	14
1	UBR2	1	0	4	1
1	FASN	1	0	4	1
1	GPR107	8	5	13	9
1	TNRC6A	12	8	17	12
1	CBX5	9	6	14	10
1	ALMS1	0	0	2	0
1	KIAA1147	0	0	2	0
1	PDS5A	4	2	8	5
1	SCUBE3	2	0	5	3
1	VPS13A	3	1	7	4
1	THBS1	159	145	174	162
1	HERC2	6	3	10	6
1	KIAA1199	52	45	62	54
1	IGF2R	14	10	20	15
1	HELZ2	0	0	2	0
1	TLN1	39	32	47	40
1	SLC38A1	30	24	38	31
1	AGPS	1	0	4	1
1	ASCC3	4	2	8	5
1	VPS13D	1	0	4	1
1	GTF3C4	0	0	2	0
1	TEAD1	16	11	21	16
1	USP24	3	1	7	4
1	PAPPA	12	8	17	12
1	DOCK7	0	0	2	0
1	RNF169	1	0	4	1
1	CBL	0	0	2	0
1	TNC	239	222	257	243
1	USP9X	1	0	4	1
1	LMTK2	0	0	2	0
1	LRP1	14	10	20	15
1	NR4A1	14	10	20	15
1	STARD9	1	0	4	1
1	NUMA1	1	0	4	1
1	MYH10	8	5	13	9
1	HIVEP2	1	0	4	1
1	NUP98	2	0	5	2
1	PIK3CA	4	2	8	5
1	C17orf51	1	0	4	1
1	NKTR	2	0	5	2
1	COL5A1	19	15	26	20
1	TMOD2	0	0	2	0
1	KIAA2018	3	1	7	4
1	PTPN14	3	1	7	4
1	PHIP	0	0	2	0
1	AFAP1	1	0	4	1
1	ROCK2	25	20	32	26
1	SPTBN1	23	18	30	24
1	CHD8	0	0	2	0
1	CASC5	1	0	4	1
1	CACNA1A	0	0	2	0
1	SLC5A3	0	0	2	0
1	DIP2C	15	11	20	15
1	COL7A1	2	0	5	2
1	ALPK2	3	1	7	4
1	THSD4	3	1	7	4
1	MKI67	2	0	5	2
1	PRKCA	3	1	7	4
1	FLNA	33	27	40	34
1	POLQ	0	0	2	0
1	KIAA1462	7	4	11	7
1	FBN1	35	29	43	36
1	MED14	2	0	5	2
1	ABCA2	7	4	11	7
1	ITGA2	1	0	4	1
1	H6PD	3	1	7	4
1	SVEP1	30	24	38	31
1	DIP2B	0	0	2	0
1	REV3L	1	0	4	1
1	DIEXF	0	0	2	0
1	HEATR5B	0	0	2	0
1	ATP11A	8	5	13	9
1	SON	18	13	24	19
1	CENPF	1	0	4	1
1	SLC7A11	24	19	31	25
1	PCNX	11	7	16	11
1	FYCO1	3	1	7	4
1	HIVEP1	7	4	11	7
1	PLXNA1	3	1	7	4
1	DYNC1H1	3	1	7	4
1	PRPF8	33	26	40	34
1	ARL10	0	0	2	0
1	ANKRD52	0	0	2	0
1	TPR	8	5	13	9
1	EGFR	1	0	4	1
1	GTF3C1	3	1	7	4
1	UBR5	2	0	5	2
1	SMARCA5	7	4	11	7
1	SRRM2	3	1	7	4
1	MALAT1	31	25	39	32
1	KIDINS220	4	2	8	5
1	DOPEY1	0	0	2	0
1	SIPA1L3	1	0	4	1
1	FBN2	63	54	73	64
1	LYST	0	0	2	0
1	PRKDC	0	0	2	0
1	MAN1A2	7	4	11	8
1	ZC3H13	9	6	14	10
1	ZKSCAN2	0	0	2	0
1	FZD4	2	0	5	2
29	LMTK2	0	0	2	0
29	DSEL	2	0	5	2
29	PRKCA	14	10	20	15
29	CASC5	0	0	2	0
29	PAPPA	12	8	17	12
29	COL7A1	5	2	8	5
29	HIVEP2	0	0	2	0
29	FBN2	49	41	58	50
29	PRKDC	3	1	7	4
29	ANKRD52	5	2	8	5
29	CBL	2	0	5	2
29	FBN1	79	69	90	80
29	USP24	0	0	2	0
29	GPR107	12	8	17	12
29	POLQ	1	0	4	1
29	CACNA1A	8	5	13	9
29	LYST	3	1	7	4
29	AMOTL1	12	8	17	12
29	FASN	6	3	10	6
29	ITGA2	12	8	17	12
29	MED14	1	0	4	1
29	TNRC6A	11	7	16	11
29	ATP11A	3	1	7	4
29	SLC5A3	2	0	5	2
29	FLNA	428	406	452	433
29	THSD4	8	5	13	9
29	REV3L	3	1	7	4
29	IQGAP1	64	55	74	65
29	TPR	16	12	21	16
29	RAB3B	8	5	13	9
29	TLN1	51	44	61	52
29	FAM208B	2	1	5	2
29	ZKSCAN2	2	0	5	2
29	ZFC3H1	6	3	10	6
29	HEATR5B	4	2	8	5
29	SIPA1L3	7	4	11	7
29	USP34	6	3	10	6
29	EGFR	5	2	8	5
29	PDS5A	2	0	5	2
29	VCAN	24	19	31	25
29	MKI67	3	1	7	4
29	PIK3CA	1	0	4	1
29	LRP1	33	27	41	34
29	AKAP11	1	0	4	1
29	SPTBN1	52	44	61	52
29	HIVEP1	3	1	7	4
29	GTF3C4	3	1	7	4
29	FYCO1	7	4	11	7
29	ZC3H13	16	12	21	16
29	AFAP1	29	23	36	30
29	NUP98	9	6	14	10
29	UBR5	1	0	4	1
29	C14orf132	4	2	8	5
29	IGF2R	8	5	13	9
29	GTF3C1	8	5	13	9
29	PIEZO1	17	13	23	18
29	TNC	87	77	99	89
29	NKTR	2	1	5	2
29	THBS1	551	526	578	555
29	SRRM2	65	56	75	66
29	PRRC2B	14	10	20	15
29	KIAA1147	0	0	2	0
29	DNAJC13	6	3	10	6
29	PHIP	1	0	4	1
29	KIAA1462	13	9	19	14
29	ROCK2	12	8	17	12
29	MAN1A2	6	3	10	6
29	HELZ2	3	1	7	4
29	COL5A1	158	145	173	160
29	ABCA2	3	1	7	4
29	SCUBE3	3	1	7	4
29	C17orf51	3	1	7	4
29	DOCK7	7	4	11	7
29	FLNC	66	58	76	67
29	FLNB	4	2	8	5
29	PRPF8	42	35	50	42
29	SSH1	7	4	11	7
29	SPTAN1	59	51	69	60
29	TMOD2	0	0	2	0
29	ASCC3	5	2	8	5
29	SMARCA5	3	1	7	4
29	DIP2C	5	2	8	5
29	SON	37	30	45	37
29	VPS13D	9	6	14	10
29	FRY	2	0	5	2
29	KIAA2018	2	0	5	2
29	QSER1	2	0	5	2
29	VPS13A	1	0	4	1
29	PTPN14	11	7	16	11
29	CKAP5	13	9	19	14
29	CHD8	4	2	8	5
29	SLC38A1	8	5	13	9
29	UBR2	0	0	2	0
29	MALAT1	8	5	13	9
29	KPNA4	3	1	7	4
29	AFF4	7	4	11	7
29	BRCA2	1	0	4	1
29	HERC2	1	0	4	1
29	MYH10	65	57	75	66
29	ARL10	2	0	5	2
29	CREBBP	6	3	10	6
29	STARD9	2	0	5	2
29	DIP2B	2	1	5	2
29	AGPS	6	3	10	6
29	CBX5	4	2	8	5
29	NRIP1	8	5	13	9
29	KIAA1199	66	58	76	67
29	PCNX	9	6	14	10
29	NR4A1	14	10	20	15
29	RNF169	3	1	7	4
29	USP9X	0	0	2	0
29	NF1	3	1	7	4
29	CEP250	2	0	5	2
29	PLXNA1	9	6	14	10
29	FOSB	4	2	8	5
29	FZD4	7	4	11	7
29	DYNC1H1	22	17	28	22
29	DIEXF	1	0	4	1
29	CENPF	0	0	2	0
29	NOTCH2	4	2	8	5
29	NUMA1	3	1	7	4
29	ALPK2	6	3	10	6
29	TEAD1	24	19	31	25
29	KIDINS220	1	0	4	1
29	SLC7A11	7	4	11	7
29	DOPEY1	3	1	7	4
29	ALMS1	7	4	11	7
29	SVEP1	11	7	16	11
29	LUZP1	0	0	2	0
29	H6PD	12	8	17	12
30	DIEXF	0	0	2	0
30	NF1	1	0	4	1
30	PAPPA	7	4	11	7
30	TNC	42	35	50	42
30	HIVEP2	10	6	14	10
30	LMTK2	0	0	2	0
30	KIAA1199	142	130	157	143
30	SPTBN1	26	20	33	26
30	PLXNA1	3	1	7	4
30	AMOTL1	6	3	10	6
30	NKTR	3	1	7	4
30	MAN1A2	1	0	4	1
30	PRKDC	2	0	5	2
30	HIVEP1	4	2	8	5
30	PTPN14	5	2	8	5
30	USP24	1	0	4	1
30	H6PD	11	7	16	11
30	NUMA1	14	11	20	15
30	PRRC2B	23	18	30	24
30	FLNA	158	145	173	159
30	PIEZO1	8	5	13	9
30	C17orf51	2	1	5	2
30	FBN2	111	100	124	112
30	PCNX	6	3	10	6
30	SIPA1L3	8	5	13	9
30	NR4A1	4	2	8	5
30	ARL10	0	0	2	0
30	ITGA2	6	3	10	6
30	SRRM2	31	25	38	31
30	SSH1	13	9	19	14
30	GTF3C1	6	3	10	6
30	KIDINS220	1	0	4	1
30	FBN1	68	59	78	69
30	QSER1	0	0	2	0
30	ABCA2	2	0	5	2
30	BRCA2	0	0	2	0
30	FOSB	4	2	8	5
30	CREBBP	7	4	11	7
30	ASCC3	3	1	7	4
30	SPTAN1	16	12	22	16
30	NOTCH2	2	0	5	2
30	USP34	0	0	2	0
30	VPS13D	2	0	5	2
30	CKAP5	11	7	16	11
30	LRP1	51	44	61	52
30	CENPF	1	0	4	1
30	SVEP1	20	16	27	21
30	TLN1	39	33	47	40
30	THBS1	442	420	466	444
30	TPR	7	4	11	7
30	KIAA1147	1	0	4	1
30	IGF2R	32	26	39	32
30	AGPS	0	0	2	0
30	FASN	1	0	4	1
30	DOCK7	7	4	11	7
30	PHIP	0	0	2	0
30	KIAA1462	46	39	54	46
30	UBR5	11	7	16	11
30	ATP11A	3	1	7	4
30	FZD4	0	0	2	0
30	MKI67	1	0	4	1
30	PRKCA	7	4	11	7
30	DOPEY1	0	0	2	0
30	AFF4	3	1	7	4
30	RNF169	0	0	2	0
30	CACNA1A	6	3	10	6
30	POLQ	0	0	2	0
30	FLNC	32	26	39	32
30	ALMS1	5	2	8	5
30	AKAP11	0	0	2	0
30	TEAD1	18	13	24	19
30	UBR2	1	0	4	1
30	LYST	2	0	5	2
30	ANKRD52	11	7	16	11
30	EGFR	3	1	7	4
30	MYH10	42	35	50	42
30	TNRC6A	13	10	19	14
30	PIK3CA	4	2	8	5
30	FLNB	14	11	20	15
30	DIP2C	6	3	10	6
30	COL7A1	7	4	11	7
30	CHD8	2	0	5	2
30	CEP250	0	0	2	0
30	IQGAP1	14	10	20	15
30	HERC2	2	0	5	2
30	NUP98	2	0	5	2
30	ALPK2	16	11	21	16
30	KIAA2018	0	0	2	0
30	LUZP1	5	2	8	5
30	CBL	1	0	4	1
30	FAM208B	3	1	7	4
30	REV3L	1	0	4	1
30	SLC5A3	2	0	5	2
30	ZKSCAN2	0	0	2	0
30	FYCO1	6	3	10	6
30	C14orf132	10	6	14	10
30	DSEL	4	2	8	5
30	SMARCA5	7	4	11	7
30	VPS13A	4	2	8	5
30	TMOD2	0	0	2	0
30	CASC5	0	0	2	0
30	ZC3H13	2	0	5	2
30	DIP2B	1	0	4	1
30	SON	27	21	34	27
30	HELZ2	0	0	2	0
30	SCUBE3	3	1	7	4
30	SLC7A11	3	1	7	4
30	MED14	1	0	4	1
30	HEATR5B	2	0	5	2
30	GTF3C4	4	2	8	5
30	THSD4	6	3	10	6
30	GPR107	19	15	26	20
30	CBX5	8	5	13	9
30	ROCK2	13	10	19	14
30	PDS5A	0	0	2	0
30	RAB3B	6	3	10	6
30	STARD9	1	0	4	1
30	KPNA4	0	0	2	0
30	VCAN	8	5	13	9
30	PRPF8	10	7	14	10
30	DNAJC13	8	5	13	9
30	FRY	3	1	7	4
30	DYNC1H1	18	14	24	19
30	AFAP1	16	12	22	16
30	NRIP1	3	1	7	4
30	USP9X	3	1	7	4
30	SLC38A1	9	6	14	10
30	COL5A1	55	48	65	56
30	MALAT1	9	6	14	10
30	ZFC3H1	3	1	7	4
28	ASCC3	9	6	14	10
28	DIP2C	15	11	20	15
28	MALAT1	7	4	11	7
28	PIEZO1	16	12	22	16
28	TEAD1	28	22	35	29
28	KIAA1462	51	43	60	51
28	NR4A1	18	13	24	19
28	ROCK2	22	17	28	22
28	SVEP1	13	9	19	14
28	DIP2B	6	3	10	6
28	MED14	3	1	7	4
28	SLC5A3	2	1	5	2
28	VPS13D	2	0	5	2
28	SIPA1L3	9	6	14	10
28	DOCK7	8	5	13	9
28	ZFC3H1	6	3	10	6
28	HIVEP1	2	0	5	2
28	KPNA4	0	0	2	0
28	LYST	1	0	4	1
28	CREBBP	9	6	14	10
28	CKAP5	9	6	14	10
28	SCUBE3	14	11	20	15
28	ARL10	1	0	4	1
28	FBN1	32	26	39	32
28	NUP98	8	5	13	9
28	DNAJC13	7	4	11	7
28	PHIP	2	0	5	2
28	TLN1	91	81	103	92
28	SRRM2	43	36	51	44
28	SLC7A11	9	6	14	10
28	PRKDC	1	0	4	1
28	EGFR	11	7	16	11
28	NF1	0	0	2	0
28	BRCA2	0	0	2	0
28	C14orf132	11	7	16	11
28	UBR5	8	5	13	9
28	AMOTL1	12	8	17	12
28	PRPF8	57	49	67	59
28	AFF4	9	6	14	10
28	FAM208B	1	0	4	1
28	SON	29	23	37	30
28	COL7A1	11	7	16	11
28	PRKCA	8	5	13	9
28	FBN2	58	50	67	59
28	HERC2	2	0	5	2
28	THSD4	11	7	16	11
28	FYCO1	14	11	20	15
28	REV3L	1	0	4	1
28	UBR2	0	0	2	0
28	ZC3H13	16	12	21	16
28	TMOD2	0	0	2	0
28	CBL	5	2	8	5
28	ALMS1	2	0	5	2
28	MKI67	6	3	10	6
28	DOPEY1	0	0	2	0
28	USP9X	6	3	10	6
28	TNRC6A	17	13	23	17
28	LRP1	23	18	30	24
28	LUZP1	2	1	5	2
28	CACNA1A	2	0	5	3
28	LMTK2	2	0	5	2
28	USP24	1	0	4	1
28	C17orf51	3	1	7	4
28	ITGA2	7	4	11	7
28	NKTR	4	2	8	5
28	RNF169	2	0	5	2
28	FLNC	105	94	117	106
28	HEATR5B	3	1	7	4
28	NRIP1	8	5	13	9
28	DYNC1H1	34	28	42	35
28	ANKRD52	13	9	19	14
28	KIAA1199	118	106	131	119
28	NOTCH2	0	0	2	0
28	POLQ	0	0	2	0
28	FRY	3	1	7	4
28	CBX5	13	9	19	14
28	DIEXF	0	0	2	0
28	HIVEP2	1	0	4	1
28	HELZ2	0	0	2	0
28	STARD9	1	0	4	1
28	CHD8	12	8	17	12
28	RAB3B	2	0	5	2
28	PIK3CA	0	0	2	0
28	KIAA1147	0	0	2	0
28	VCAN	17	12	23	17
28	ABCA2	6	3	10	6
28	H6PD	16	12	21	16
28	SPTAN1	57	49	66	57
28	MYH10	65	57	75	66
28	CEP250	1	0	4	1
28	AFAP1	8	5	13	9
28	GTF3C1	23	19	30	24
28	GPR107	24	19	31	25
28	TPR	17	13	23	17
28	FLNB	24	19	31	25
28	CENPF	1	0	4	1
28	NUMA1	16	12	21	16
28	COL5A1	120	108	133	121
28	SMARCA5	14	10	20	15
28	IQGAP1	41	34	50	42
28	PLXNA1	7	4	11	7
28	PDS5A	8	5	13	9
28	MAN1A2	6	3	10	6
28	CASC5	1	0	4	1
28	AKAP11	7	4	11	7
28	FOSB	1	0	4	1
28	FASN	1	0	4	1
28	FZD4	0	0	2	0
28	GTF3C4	1	0	4	1
28	ZKSCAN2	0	0	2	0
28	KIAA2018	0	0	2	0
28	PTPN14	7	5	12	7
28	QSER1	0	0	2	0
28	PRRC2B	27	22	34	27
28	DSEL	6	3	10	6
28	SPTBN1	73	64	84	74
28	USP34	1	0	4	1
28	PCNX	2	1	5	2
28	SSH1	5	2	8	5
28	AGPS	3	1	7	4
28	PAPPA	21	16	27	21
28	IGF2R	29	23	37	30
28	VPS13A	6	3	10	6
28	ALPK2	12	9	17	12
28	SLC38A1	12	8	17	12
28	THBS1	343	323	365	347
28	ATP11A	9	6	14	10
28	KIDINS220	2	0	5	2
28	TNC	71	63	82	72
28	FLNA	381	360	403	385
7	CASC5	6	3	10	6
7	PLXNA1	11	7	16	11
7	SCUBE3	2	0	5	3
7	ROCK2	18	13	24	19
7	HERC2	7	4	11	7
7	ZKSCAN2	1	0	4	1
7	SVEP1	31	25	39	32
7	PDS5A	0	0	2	0
7	NUMA1	1	0	4	1
7	SIPA1L3	8	5	13	9
7	EGFR	1	0	4	1
7	REV3L	3	1	7	4
7	DYNC1H1	6	3	10	6
7	TMOD2	0	0	2	0
7	HEATR5B	0	0	2	0
7	MAN1A2	4	2	8	5
7	LMTK2	2	1	5	2
7	ALPK2	1	0	4	1
7	POLQ	0	0	2	0
7	PHIP	1	0	4	1
7	BRCA2	0	0	2	0
7	PIEZO1	16	11	21	16
7	LRP1	19	14	25	20
7	NR4A1	20	16	27	21
7	THSD4	7	4	11	7
7	NF1	8	5	13	9
7	PRRC2B	28	22	35	29
7	FASN	8	5	13	9
7	QSER1	1	0	4	1
7	COL7A1	2	0	5	2
7	DSEL	6	3	10	6
7	IQGAP1	60	51	69	61
7	KIAA1147	0	0	2	0
7	VPS13A	8	5	13	9
7	ITGA2	9	6	14	10
7	HIVEP2	0	0	2	0
7	DIP2C	2	0	5	3
7	SLC38A1	23	18	30	24
7	PCNX	1	0	4	1
7	TNC	20	16	27	21
7	DIP2B	0	0	2	0
7	FYCO1	6	3	10	6
7	MYH10	25	20	32	26
7	NUP98	1	0	4	1
7	PRKCA	2	0	5	2
7	USP9X	3	1	7	4
7	KIAA2018	8	5	13	9
7	GPR107	12	8	17	12
7	STARD9	2	0	5	2
7	DNAJC13	6	3	10	6
7	HIVEP1	6	3	10	6
7	CACNA1A	0	0	2	0
7	AKAP11	2	0	5	2
7	SLC7A11	33	27	40	34
7	CREBBP	1	0	4	1
7	FRY	2	0	5	2
7	COL5A1	39	32	47	40
7	ATP11A	7	4	11	7
7	UBR2	0	0	2	0
7	SLC5A3	1	0	4	1
7	PTPN14	3	1	7	4
7	C14orf132	24	19	31	25
7	AMOTL1	8	5	13	9
7	KPNA4	1	0	4	1
7	FZD4	0	0	2	0
7	CBX5	8	5	13	9
7	DIEXF	12	8	17	12
7	LUZP1	3	1	7	4
7	USP34	2	0	5	2
7	ANKRD52	1	0	4	1
7	IGF2R	7	4	11	7
7	HELZ2	1	0	4	1
7	USP24	0	0	2	0
7	FLNA	25	20	32	26
7	FLNC	28	22	35	29
7	SSH1	9	6	14	10
7	ZFC3H1	6	3	10	6
7	FLNB	6	3	10	6
7	DOPEY1	2	0	5	3
7	SON	6	3	10	6
7	ZC3H13	8	5	13	9
7	THBS1	232	215	250	236
7	UBR5	11	7	16	11
7	SPTAN1	35	29	43	36
7	FAM208B	2	0	5	2
7	RAB3B	13	9	19	14
7	H6PD	4	2	8	5
7	SRRM2	11	7	16	11
7	GTF3C4	4	2	8	5
7	TLN1	40	33	48	41
7	ABCA2	9	6	14	10
7	SPTBN1	18	13	24	19
7	CEP250	0	0	2	0
7	DOCK7	0	0	2	0
7	VPS13D	0	0	2	0
7	KIAA1462	22	17	28	22
7	LYST	8	5	13	9
7	RNF169	1	0	4	1
7	NRIP1	16	11	21	16
7	PRPF8	27	21	34	27
7	VCAN	21	16	27	21
7	KIAA1199	41	34	50	42
7	AFF4	8	5	13	9
7	MKI67	9	6	14	10
7	SMARCA5	11	7	16	11
7	CKAP5	18	13	24	19
7	NOTCH2	13	9	19	14
7	ALMS1	1	0	4	1
7	CBL	0	0	2	0
7	FBN1	8	5	13	9
7	AFAP1	43	36	51	44
7	MALAT1	23	18	30	24
7	PAPPA	18	13	24	19
7	ARL10	1	0	4	1
7	TPR	8	5	13	9
7	TNRC6A	7	4	11	7
7	ASCC3	8	5	13	9
7	AGPS	2	0	5	2
7	FBN2	27	21	34	27
7	GTF3C1	1	0	4	1
7	CHD8	3	1	7	4
7	MED14	3	1	7	4
7	C17orf51	2	0	5	2
7	FOSB	13	9	19	14
7	KIDINS220	3	1	7	4
7	CENPF	8	5	13	9
7	PRKDC	6	3	10	6
7	TEAD1	17	12	23	17
7	PIK3CA	3	1	7	4
7	NKTR	8	5	13	9
37	ALMS1	2	0	5	2
37	COL7A1	1	0	4	1
37	MAN1A2	1	0	4	1
37	CBL	2	0	5	2
37	CHD8	3	1	7	4
37	UBR5	8	5	13	9
37	PLXNA1	12	8	17	12
37	SLC7A11	7	4	11	7
37	LYST	1	0	4	1
37	THSD4	4	2	8	5
37	PTPN14	19	15	26	20
37	EGFR	12	8	17	12
37	IQGAP1	31	25	39	32
37	CBX5	2	0	5	2
37	RAB3B	11	7	16	11
37	NR4A1	4	2	8	5
37	PRKCA	7	4	11	7
37	TNC	45	38	54	46
37	THBS1	644	617	673	647
37	FLNA	256	238	274	258
37	AGPS	0	0	2	0
37	VCAN	9	6	14	10
37	GPR107	22	17	28	22
37	STARD9	1	0	4	1
37	C14orf132	3	1	7	4
37	ANKRD52	16	12	21	16
37	NF1	2	0	5	2
37	FLNB	3	1	7	4
37	BRCA2	1	0	4	1
37	QSER1	0	0	2	0
37	TNRC6A	7	4	11	7
37	CACNA1A	0	0	2	0
37	UBR2	1	0	4	1
37	NRIP1	8	5	13	9
37	FYCO1	5	2	8	5
37	CASC5	1	0	4	1
37	SPTBN1	41	34	49	41
37	KIAA1462	14	10	20	15
37	DIP2C	5	2	8	5
37	RNF169	0	0	2	0
37	SMARCA5	6	3	10	6
37	FRY	1	0	4	1
37	DOCK7	7	4	11	7
37	PAPPA	35	29	43	36
37	LMTK2	3	1	7	4
37	SPTAN1	62	54	72	62
37	PIEZO1	14	10	20	15
37	POLQ	0	0	2	0
37	HERC2	2	0	5	2
37	HELZ2	0	0	2	0
37	SCUBE3	18	14	24	19
37	REV3L	1	0	4	1
37	DNAJC13	1	0	4	1
37	MALAT1	8	5	13	9
37	FAM208B	1	0	4	1
37	ABCA2	6	3	10	6
37	KIDINS220	6	3	10	6
37	DIEXF	3	1	7	4
37	PCNX	12	8	17	12
37	USP24	1	0	4	1
37	TEAD1	17	13	23	17
37	KIAA2018	0	0	2	0
37	DYNC1H1	22	17	28	22
37	SLC38A1	6	3	10	6
37	ARL10	1	0	4	1
37	PRRC2B	34	28	42	35
37	ZC3H13	2	0	5	2
37	ATP11A	1	0	4	1
37	KIAA1199	154	141	169	155
37	FBN1	90	80	102	91
37	USP34	1	0	4	1
37	PRPF8	43	36	51	44
37	IGF2R	41	34	49	41
37	C17orf51	2	0	5	2
37	DIP2B	9	6	14	10
37	MYH10	42	35	50	42
37	MED14	0	0	2	0
37	KPNA4	4	2	8	5
37	PIK3CA	0	0	2	0
37	AFAP1	28	23	35	29
37	TMOD2	0	0	2	0
37	AFF4	12	8	17	12
37	VPS13A	7	4	11	7
37	COL5A1	238	221	256	238
37	SLC5A3	1	0	4	1
37	FLNC	52	44	61	52
37	HIVEP1	5	2	8	5
37	ROCK2	28	22	35	29
37	FOSB	6	3	10	6
37	PRKDC	9	6	14	10
37	DOPEY1	0	0	2	0
37	LRP1	89	79	100	90
37	HEATR5B	4	2	8	5
37	LUZP1	3	1	7	4
37	CKAP5	6	3	10	6
37	TPR	6	3	10	6
37	FASN	3	1	7	4
37	ASCC3	3	1	7	4
37	VPS13D	3	1	7	4
37	NUP98	3	1	7	4
37	CEP250	1	0	4	1
37	ZKSCAN2	3	1	7	4
37	SVEP1	11	7	16	11
37	DSEL	8	5	13	9
37	FZD4	2	0	5	2
37	ZFC3H1	1	0	4	1
37	AMOTL1	9	6	14	10
37	GTF3C4	0	0	2	0
37	NKTR	5	2	8	5
37	USP9X	2	0	5	2
37	TLN1	80	70	91	81
37	HIVEP2	1	0	4	1
37	H6PD	12	9	17	12
37	CREBBP	9	6	14	10
37	CENPF	0	0	2	0
37	SRRM2	44	37	53	45
37	NOTCH2	11	7	16	11
37	AKAP11	2	0	5	2
37	SSH1	9	6	14	10
37	FBN2	247	231	265	248
37	SON	23	18	30	24
37	SIPA1L3	6	4	10	6
37	ITGA2	8	5	13	9
37	ALPK2	12	9	17	12
37	KIAA1147	0	0	2	0
37	PHIP	0	0	2	0
37	PDS5A	2	0	5	2
37	MKI67	2	0	5	2
37	GTF3C1	18	14	24	19
37	NUMA1	5	2	8	5
31	ITGA2	3	1	7	4
31	KIDINS220	7	4	11	7
31	DSEL	4	2	8	5
31	NF1	2	0	5	2
31	SON	37	30	45	37
31	BRCA2	0	0	2	0
31	THSD4	0	0	2	0
31	LUZP1	3	1	7	4
31	POLQ	1	0	4	1
31	STARD9	0	0	2	0
31	DOCK7	6	3	10	6
31	TEAD1	28	22	35	29
31	DOPEY1	2	0	5	3
31	ZKSCAN2	1	0	4	1
31	TMOD2	1	0	4	1
31	SPTBN1	29	24	37	30
31	ROCK2	12	8	17	12
31	TLN1	84	74	95	85
31	ANKRD52	3	1	7	4
31	PRKCA	12	8	17	12
31	RNF169	1	0	4	1
31	NOTCH2	4	2	8	5
31	PTPN14	1	0	4	1
31	PHIP	0	0	2	0
31	PRPF8	54	46	63	55
31	SRRM2	39	32	47	40
31	NR4A1	14	10	20	15
31	SLC7A11	7	4	11	7
31	CASC5	1	0	4	1
31	IQGAP1	25	20	32	26
31	KIAA2018	1	0	4	1
31	GPR107	11	7	16	11
31	NKTR	6	3	10	6
31	ALPK2	2	0	5	2
31	TNC	73	64	83	74
31	USP34	0	0	2	0
31	HIVEP2	2	1	5	3
31	FLNA	315	296	336	318
31	ZFC3H1	0	0	2	0
31	MAN1A2	3	1	7	4
31	USP24	0	0	2	0
31	HERC2	4	2	8	5
31	C17orf51	0	0	2	0
31	SMARCA5	7	4	11	7
31	ALMS1	3	1	7	4
31	LRP1	26	20	32	26
31	RAB3B	2	0	5	2
31	CREBBP	6	3	10	6
31	HIVEP1	2	0	5	2
31	PLXNA1	9	6	14	10
31	PIK3CA	0	0	2	0
31	MALAT1	16	11	21	16
31	MYH10	55	48	65	56
31	PRKDC	7	4	11	7
31	NUP98	4	2	8	5
31	FASN	3	1	7	4
31	FZD4	9	6	14	10
31	PIEZO1	18	14	24	19
31	UBR5	7	4	11	7
31	SCUBE3	4	2	8	5
31	AFF4	3	1	7	4
31	COL5A1	115	104	128	116
31	SLC38A1	8	5	13	9
31	USP9X	3	1	7	4
31	KPNA4	1	0	4	1
31	GTF3C4	0	0	2	0
31	DYNC1H1	18	14	24	19
31	FLNB	3	1	7	4
31	VPS13A	2	0	5	2
31	IGF2R	22	17	28	22
31	TNRC6A	2	1	5	2
31	ASCC3	6	3	10	6
31	LMTK2	2	1	5	2
31	FYCO1	5	2	8	5
31	NRIP1	7	4	11	7
31	PAPPA	14	10	20	15
31	DIEXF	1	0	4	1
31	CKAP5	18	14	24	19
31	AMOTL1	11	7	16	11
31	SPTAN1	42	36	51	42
31	CACNA1A	3	1	7	4
31	SSH1	7	4	11	7
31	AKAP11	2	1	5	2
31	PCNX	11	7	16	11
31	CENPF	9	6	14	10
31	KIAA1199	33	27	41	34
31	DIP2C	6	3	10	6
31	MED14	1	0	4	1
31	ZC3H13	13	10	19	14
31	SVEP1	14	10	20	15
31	AFAP1	21	16	27	21
31	FOSB	7	4	11	7
31	ARL10	0	0	2	0
31	TPR	6	3	10	6
31	HEATR5B	1	0	4	1
31	FAM208B	4	2	8	5
31	FBN1	50	43	59	51
31	FBN2	57	49	66	57
31	KIAA1147	0	0	2	0
31	LYST	2	0	5	2
31	REV3L	3	1	7	4
31	THBS1	284	266	304	287
31	SIPA1L3	5	3	9	5
31	KIAA1462	12	8	17	12
31	MKI67	29	24	37	30
31	GTF3C1	13	9	19	14
31	COL7A1	8	5	13	9
31	QSER1	3	1	7	4
31	FLNC	44	37	53	45
31	PDS5A	9	6	14	10
31	CBL	1	0	4	1
31	DIP2B	1	0	4	1
31	AGPS	2	0	5	2
31	VPS13D	2	1	5	2
31	PRRC2B	16	12	21	16
31	ABCA2	2	0	5	2
31	C14orf132	4	2	8	5
31	UBR2	0	0	2	0
31	SLC5A3	0	0	2	0
31	VCAN	3	1	7	4
31	FRY	0	0	2	0
31	EGFR	1	0	4	1
31	DNAJC13	2	0	5	2
31	CHD8	4	2	8	5
31	HELZ2	0	0	2	0
31	ATP11A	1	0	4	1
31	NUMA1	3	1	7	4
31	H6PD	5	2	8	5
31	CEP250	6	3	10	6
31	CBX5	7	4	11	7
27	PRKCA	13	9	19	14
27	ALMS1	1	0	4	1
27	MKI67	0	0	2	0
27	HEATR5B	1	0	4	1
27	SRRM2	39	33	47	40
27	PDS5A	0	0	2	0
27	ABCA2	7	4	11	7
27	SVEP1	17	12	23	17
27	USP34	2	0	5	2
27	DYNC1H1	43	36	51	44
27	EGFR	6	3	10	6
27	AFF4	4	2	8	5
27	BRCA2	0	0	2	0
27	SPTBN1	51	43	60	51
27	DIEXF	3	1	7	4
27	HIVEP1	2	0	5	2
27	REV3L	1	0	4	1
27	ANKRD52	8	5	13	9
27	TNRC6A	2	1	5	2
27	MALAT1	14	10	20	15
27	AMOTL1	7	4	11	7
27	ROCK2	11	7	16	11
27	AKAP11	0	0	2	0
27	CREBBP	2	0	5	2
27	NUMA1	7	4	11	7
27	POLQ	0	0	2	0
27	CACNA1A	5	2	8	5
27	ZKSCAN2	0	0	2	0
27	PIEZO1	42	35	50	43
27	KIAA1462	22	17	28	22
27	MYH10	34	28	42	35
27	PAPPA	11	7	16	11
27	IQGAP1	25	20	32	26
27	RNF169	1	0	4	1
27	PRKDC	1	0	4	1
27	VPS13A	2	1	5	2
27	GPR107	12	8	17	12
27	DOCK7	9	6	14	10
27	ARL10	0	0	2	0
27	VPS13D	1	0	4	1
27	THSD4	19	15	26	20
27	UBR2	0	0	2	0
27	HERC2	3	1	7	4
27	FAM208B	1	0	4	1
27	SSH1	7	4	11	7
27	NOTCH2	6	3	10	6
27	PCNX	2	1	5	2
27	FYCO1	9	6	14	10
27	DIP2C	5	2	8	5
27	HELZ2	0	0	2	0
27	KPNA4	3	1	7	4
27	KIDINS220	2	0	5	2
27	IGF2R	54	46	64	55
27	GTF3C1	16	12	21	16
27	NR4A1	6	3	10	6
27	COL7A1	0	0	2	0
27	ITGA2	4	2	8	5
27	NUP98	1	0	4	1
27	SPTAN1	39	33	48	40
27	FLNC	52	44	61	52
27	DNAJC13	2	0	5	2
27	TMOD2	1	0	4	1
27	SCUBE3	27	21	34	28
27	NKTR	0	0	2	0
27	USP9X	4	2	8	5
27	CBX5	7	4	11	7
27	LRP1	118	107	131	120
27	AFAP1	14	10	20	15
27	FLNB	5	2	8	5
27	KIAA1199	560	535	587	561
27	CKAP5	13	9	19	14
27	PRRC2B	34	28	42	35
27	ZFC3H1	3	1	7	4
27	NF1	5	2	8	5
27	FOSB	1	0	4	1
27	CHD8	1	0	4	1
27	SMARCA5	6	3	10	6
27	ATP11A	2	0	5	2
27	VCAN	7	4	11	7
27	SLC38A1	9	6	14	10
27	DIP2B	0	0	2	0
27	PIK3CA	2	0	5	2
27	LUZP1	2	1	5	2
27	LMTK2	0	0	2	0
27	DOPEY1	2	0	5	3
27	SIPA1L3	7	5	12	7
27	KIAA2018	0	0	2	0
27	C14orf132	2	0	5	2
27	GTF3C4	1	0	4	1
27	CENPF	6	3	10	6
27	SLC5A3	1	0	4	1
27	QSER1	0	0	2	0
27	PRPF8	27	21	34	27
27	SLC7A11	9	6	14	10
27	CEP250	1	0	4	1
27	DSEL	0	0	2	0
27	STARD9	1	0	4	1
27	UBR5	4	2	8	5
27	THBS1	167	153	183	170
27	TLN1	31	25	38	31
27	PTPN14	7	4	11	7
27	FLNA	159	145	174	161
27	FRY	4	2	8	5
27	FBN1	125	113	138	126
27	MED14	2	0	5	2
27	TNC	132	120	146	133
27	USP24	1	0	4	1
27	C17orf51	4	2	8	5
27	CASC5	2	0	5	2
27	ALPK2	11	7	16	11
27	CBL	2	0	5	2
27	NRIP1	7	4	11	7
27	TEAD1	19	15	26	20
27	FZD4	1	0	4	1
27	LYST	1	0	4	1
27	KIAA1147	0	0	2	0
27	AGPS	0	0	2	0
27	PHIP	0	0	2	0
27	RAB3B	0	0	2	0
27	H6PD	8	5	13	9
27	HIVEP2	0	0	2	0
27	FBN2	84	74	95	85
27	TPR	9	6	14	10
27	ASCC3	3	1	7	4
27	COL5A1	169	155	184	170
27	FASN	4	2	8	5
27	SON	21	16	27	21
27	PLXNA1	11	7	16	11
27	MAN1A2	0	0	2	0
27	ZC3H13	5	3	9	5
24	MAN1A2	4	2	8	5
24	PHIP	0	0	2	0
24	VCAN	16	11	21	16
24	LRP1	96	85	108	97
24	FRY	0	0	2	0
24	DNAJC13	9	6	14	10
24	HIVEP1	3	1	7	4
24	PAPPA	20	16	27	21
24	FLNA	168	154	183	171
24	KPNA4	6	3	10	6
24	TMOD2	0	0	2	0
24	ALMS1	1	0	4	1
24	GPR107	23	18	30	24
24	HERC2	5	2	8	5
24	DIP2C	8	5	13	9
24	SCUBE3	12	9	17	13
24	ABCA2	11	7	16	11
24	SON	21	16	27	21
24	AFAP1	8	5	13	9
24	HELZ2	2	0	5	2
24	PTPN14	2	0	5	2
24	PDS5A	2	0	5	2
24	NKTR	5	2	8	5
24	FBN2	268	251	287	270
24	FZD4	4	2	8	5
24	PRPF8	32	26	39	32
24	QSER1	1	0	4	1
24	C17orf51	3	1	7	4
24	AMOTL1	17	13	23	17
24	DOPEY1	2	0	5	3
24	USP34	4	2	8	5
24	GTF3C1	9	6	14	10
24	CKAP5	22	17	28	22
24	H6PD	13	9	19	14
24	SMARCA5	7	4	11	7
24	SLC5A3	1	0	4	1
24	AKAP11	2	1	5	2
24	FYCO1	12	8	17	12
24	ANKRD52	14	10	20	15
24	PRRC2B	32	26	39	32
24	THBS1	1277	1242	1316	1285
24	ROCK2	12	8	17	12
24	NF1	1	0	4	1
24	AFF4	1	0	4	1
24	LUZP1	2	0	5	2
24	USP9X	3	1	7	4
24	LYST	1	0	4	1
24	SRRM2	19	15	26	20
24	VPS13A	2	0	5	2
24	KIAA1199	48	41	57	49
24	HIVEP2	1	0	4	1
24	NOTCH2	8	5	13	9
24	HEATR5B	2	0	5	2
24	UBR5	8	5	13	9
24	SPTAN1	39	33	47	40
24	MED14	3	1	7	4
24	MKI67	3	1	7	4
24	SPTBN1	36	30	44	36
24	FASN	0	0	2	0
24	SVEP1	32	25	39	32
24	IGF2R	70	61	80	71
24	KIAA1147	0	0	2	0
24	ASCC3	6	3	10	6
24	KIAA2018	1	0	4	1
24	DIP2B	2	0	5	2
24	PRKCA	10	6	14	10
24	POLQ	1	0	4	1
24	TPR	13	9	19	14
24	ITGA2	3	1	7	4
24	CBX5	8	5	13	9
24	NRIP1	3	1	7	4
24	TNRC6A	4	2	8	5
24	SLC38A1	16	11	21	16
24	PIK3CA	2	0	5	2
24	COL5A1	226	210	244	228
24	FAM208B	2	1	5	2
24	BRCA2	0	0	2	0
24	DIEXF	0	0	2	0
24	FBN1	155	142	170	157
24	FOSB	25	20	32	26
24	FLNB	1	0	4	1
24	UBR2	0	0	2	0
24	SIPA1L3	19	15	26	20
24	NUMA1	8	5	13	9
24	PLXNA1	11	7	16	11
24	REV3L	1	0	4	1
24	GTF3C4	1	0	4	1
24	ARL10	1	0	4	1
24	ZKSCAN2	2	0	5	2
24	CBL	0	0	2	0
24	MALAT1	18	13	24	19
24	PCNX	13	10	19	14
24	NR4A1	13	9	19	14
24	SLC7A11	13	9	19	14
24	C14orf132	5	2	8	5
24	CENPF	2	0	5	2
24	VPS13D	6	3	10	6
24	ATP11A	2	0	5	2
24	TEAD1	22	17	28	22
24	CASC5	2	0	5	2
24	DOCK7	4	2	8	5
24	PIEZO1	34	28	42	35
24	KIAA1462	37	30	45	37
24	USP24	1	0	4	1
24	LMTK2	1	0	4	1
24	MYH10	38	31	46	39
24	PRKDC	3	1	7	4
24	CREBBP	8	5	13	9
24	THSD4	21	16	27	21
24	ZFC3H1	2	0	5	2
24	ZC3H13	9	6	14	10
24	AGPS	3	1	7	4
24	RAB3B	5	2	8	5
24	STARD9	2	0	5	2
24	RNF169	0	0	2	0
24	NUP98	3	1	7	4
24	TLN1	59	51	69	60
24	KIDINS220	6	3	10	6
24	COL7A1	9	6	14	10
24	CHD8	2	0	5	2
24	EGFR	4	2	8	5
24	CEP250	5	2	8	5
24	TNC	243	226	261	246
24	SSH1	3	1	7	4
24	FLNC	127	115	140	128
24	CACNA1A	1	0	4	1
24	IQGAP1	19	15	25	20
24	ALPK2	1	0	4	1
24	DSEL	6	3	10	6
24	DYNC1H1	43	36	51	44
