feat	0	1	2	3	4	5	6	7	8	9	10	11	12	13	14	15	16	17	18	19
ABCA1	8.0	0.0	0.0	17.0	13.0	8.0	4.0	13.0	4.0	0.0	0.0	0.0	0.0	0.0	0.0	4.0	13.0	8.0	0.0	0.0
ABCA2	0.0	8.0	0.0	0.0	0.0	0.0	4.0	0.0	0.0	13.0	0.0	4.0	4.0	0.0	4.0	0.0	0.0	0.0	4.0	4.0
ABCC10	4.0	0.0	0.0	8.0	4.0	0.0	0.0	0.0	4.0	4.0	0.0	4.0	13.0	0.0	0.0	0.0	0.0	0.0	4.0	4.0
ABCC5	0.0	0.0	0.0	0.0	4.0	0.0	4.0	0.0	0.0	0.0	0.0	0.0	8.0	13.0	0.0	0.0	0.0	0.0	0.0	0.0
ABHD13	8.0	0.0	0.0	0.0	8.0	4.0	8.0	0.0	0.0	0.0	0.0	0.0	4.0	8.0	4.0	0.0	8.0	0.0	4.0	8.0
ACSL1	8.0	21.0	4.0	21.0	0.0	4.0	4.0	13.0	4.0	8.0	0.0	0.0	0.0	8.0	8.0	0.0	0.0	0.0	4.0	0.0
ADAM17	13.0	8.0	4.0	17.0	0.0	0.0	21.0	4.0	0.0	0.0	0.0	4.0	0.0	0.0	0.0	8.0	21.0	8.0	4.0	4.0
ADAMTS15	0.0	8.0	13.0	4.0	4.0	0.0	0.0	0.0	0.0	4.0	0.0	0.0	4.0	0.0	4.0	4.0	0.0	0.0	0.0	0.0
ADAMTS3	4.0	0.0	0.0	0.0	0.0	4.0	0.0	0.0	0.0	0.0	0.0	8.0	4.0	0.0	0.0	0.0	0.0	0.0	8.0	0.0
ADCY6	0.0	4.0	13.0	0.0	0.0	0.0	0.0	4.0	4.0	13.0	0.0	4.0	13.0	0.0	0.0	4.0	0.0	0.0	4.0	0.0
ADCY7	0.0	0.0	0.0	0.0	0.0	0.0	17.0	0.0	8.0	0.0	0.0	8.0	4.0	0.0	0.0	0.0	0.0	0.0	0.0	0.0
ADNP	0.0	4.0	4.0	4.0	21.0	8.0	0.0	4.0	8.0	0.0	8.0	8.0	0.0	4.0	4.0	0.0	8.0	0.0	8.0	8.0
ADO	4.0	0.0	0.0	0.0	0.0	0.0	0.0	0.0	4.0	0.0	21.0	0.0	4.0	0.0	0.0	0.0	0.0	0.0	4.0	8.0
AFAP1	4.0	13.0	4.0	34.0	0.0	0.0	17.0	21.0	0.0	26.0	4.0	8.0	0.0	0.0	13.0	0.0	0.0	0.0	8.0	0.0
AFAP1L1	0.0	0.0	0.0	0.0	0.0	0.0	4.0	4.0	4.0	0.0	0.0	0.0	0.0	0.0	4.0	0.0	0.0	0.0	0.0	8.0
AFF4	0.0	4.0	4.0	4.0	8.0	8.0	0.0	4.0	0.0	30.0	13.0	8.0	8.0	0.0	4.0	0.0	0.0	0.0	8.0	0.0
AGGF1	0.0	4.0	0.0	13.0	8.0	0.0	0.0	0.0	0.0	13.0	0.0	17.0	4.0	0.0	0.0	0.0	0.0	0.0	0.0	0.0
AGL	0.0	8.0	8.0	8.0	0.0	4.0	0.0	0.0	4.0	0.0	0.0	0.0	8.0	0.0	0.0	0.0	17.0	0.0	0.0	0.0
AGO1	4.0	0.0	0.0	8.0	4.0	0.0	0.0	0.0	17.0	17.0	4.0	0.0	4.0	8.0	0.0	4.0	0.0	0.0	4.0	4.0
AGO4	0.0	8.0	0.0	0.0	13.0	0.0	21.0	4.0	0.0	0.0	0.0	8.0	13.0	4.0	0.0	4.0	0.0	0.0	4.0	0.0
AGPS	4.0	0.0	0.0	0.0	0.0	0.0	8.0	0.0	0.0	8.0	0.0	0.0	0.0	0.0	4.0	0.0	0.0	0.0	0.0	0.0
AGTPBP1	0.0	0.0	0.0	0.0	0.0	0.0	0.0	0.0	0.0	4.0	0.0	0.0	0.0	0.0	0.0	0.0	21.0	0.0	4.0	8.0
AHCTF1P1	0.0	21.0	8.0	39.0	13.0	0.0	4.0	0.0	0.0	0.0	0.0	0.0	0.0	4.0	0.0	0.0	0.0	4.0	17.0	0.0
AHNAK2	0.0	4.0	4.0	4.0	0.0	0.0	0.0	0.0	0.0	0.0	0.0	0.0	0.0	0.0	0.0	0.0	4.0	4.0	0.0	21.0
AKAP11	17.0	4.0	4.0	8.0	4.0	0.0	0.0	0.0	21.0	0.0	0.0	8.0	4.0	0.0	13.0	0.0	0.0	0.0	0.0	0.0
AKAP13	4.0	13.0	0.0	0.0	0.0	17.0	17.0	0.0	0.0	13.0	0.0	4.0	4.0	0.0	34.0	0.0	0.0	0.0	4.0	0.0
AKAP8	4.0	4.0	0.0	0.0	0.0	4.0	21.0	0.0	0.0	4.0	0.0	4.0	4.0	0.0	17.0	0.0	0.0	0.0	8.0	0.0
AKAP9	0.0	0.0	4.0	13.0	8.0	0.0	0.0	13.0	0.0	0.0	8.0	4.0	17.0	4.0	17.0	4.0	0.0	4.0	0.0	26.0
ALMS1	4.0	0.0	0.0	0.0	0.0	0.0	13.0	4.0	0.0	0.0	0.0	0.0	0.0	4.0	0.0	0.0	0.0	0.0	4.0	0.0
ALPK1	4.0	4.0	4.0	0.0	0.0	4.0	0.0	0.0	4.0	0.0	4.0	4.0	0.0	13.0	0.0	0.0	0.0	0.0	8.0	0.0
ALPK2	8.0	4.0	4.0	21.0	0.0	8.0	0.0	26.0	0.0	13.0	17.0	21.0	8.0	0.0	8.0	8.0	0.0	0.0	39.0	0.0
AMMECR1L	17.0	8.0	13.0	4.0	0.0	0.0	0.0	4.0	4.0	0.0	0.0	8.0	17.0	4.0	8.0	0.0	4.0	0.0	0.0	0.0
AMOTL1	4.0	4.0	21.0	8.0	0.0	17.0	0.0	0.0	8.0	8.0	0.0	0.0	13.0	0.0	4.0	0.0	0.0	0.0	8.0	8.0
AMPD3	13.0	0.0	0.0	0.0	0.0	0.0	8.0	0.0	0.0	8.0	8.0	4.0	0.0	0.0	8.0	0.0	0.0	0.0	8.0	4.0
ANGEL1	0.0	0.0	4.0	21.0	4.0	0.0	0.0	0.0	0.0	4.0	0.0	4.0	4.0	13.0	0.0	0.0	4.0	0.0	0.0	0.0
ANKFY1	0.0	17.0	17.0	13.0	8.0	8.0	21.0	0.0	4.0	4.0	4.0	8.0	8.0	0.0	0.0	8.0	4.0	4.0	4.0	34.0
ANKRD26	4.0	0.0	17.0	0.0	0.0	4.0	4.0	4.0	4.0	4.0	0.0	0.0	8.0	8.0	4.0	0.0	8.0	8.0	0.0	0.0
ANKRD32	0.0	0.0	4.0	4.0	0.0	0.0	4.0	4.0	4.0	0.0	0.0	0.0	0.0	0.0	0.0	0.0	0.0	0.0	0.0	0.0
ANKRD50	21.0	13.0	0.0	17.0	4.0	0.0	4.0	8.0	0.0	13.0	4.0	0.0	0.0	4.0	8.0	0.0	4.0	0.0	4.0	0.0
ANKRD52	17.0	21.0	17.0	4.0	4.0	4.0	4.0	8.0	0.0	13.0	13.0	0.0	0.0	0.0	0.0	4.0	0.0	4.0	0.0	0.0
ANKS1A	4.0	0.0	8.0	4.0	0.0	0.0	4.0	0.0	13.0	13.0	4.0	0.0	8.0	0.0	13.0	4.0	0.0	0.0	0.0	0.0
ANPEP	13.0	0.0	4.0	0.0	0.0	8.0	8.0	8.0	8.0	8.0	13.0	0.0	21.0	4.0	0.0	0.0	4.0	4.0	4.0	0.0
AP1G2	0.0	0.0	0.0	4.0	0.0	0.0	0.0	0.0	26.0	0.0	0.0	0.0	4.0	0.0	8.0	0.0	13.0	0.0	0.0	0.0
AP4E1	0.0	0.0	4.0	4.0	0.0	0.0	0.0	4.0	0.0	0.0	4.0	0.0	13.0	0.0	4.0	0.0	8.0	4.0	0.0	4.0
APC	0.0	0.0	0.0	4.0	4.0	8.0	0.0	0.0	4.0	8.0	0.0	4.0	26.0	0.0	4.0	0.0	8.0	0.0	17.0	0.0
APH1B	0.0	4.0	4.0	0.0	0.0	0.0	0.0	0.0	0.0	4.0	0.0	0.0	0.0	0.0	0.0	0.0	0.0	0.0	0.0	8.0
APOLD1	0.0	0.0	0.0	0.0	8.0	8.0	0.0	4.0	0.0	0.0	0.0	0.0	0.0	0.0	17.0	0.0	0.0	0.0	0.0	0.0
AQR	21.0	4.0	4.0	13.0	13.0	4.0	8.0	8.0	4.0	0.0	0.0	4.0	0.0	0.0	0.0	0.0	34.0	4.0	13.0	0.0
AREL1	13.0	0.0	4.0	26.0	21.0	8.0	0.0	0.0	4.0	4.0	4.0	0.0	0.0	13.0	0.0	21.0	4.0	0.0	8.0	0.0
ARFGEF1	17.0	4.0	4.0	8.0	0.0	4.0	0.0	8.0	4.0	13.0	0.0	0.0	4.0	0.0	0.0	0.0	4.0	4.0	4.0	0.0
ARFGEF2	17.0	0.0	8.0	0.0	4.0	8.0	4.0	0.0	13.0	8.0	4.0	0.0	8.0	4.0	0.0	0.0	34.0	8.0	0.0	0.0
ARHGAP18	4.0	4.0	0.0	0.0	0.0	0.0	4.0	4.0	0.0	0.0	0.0	0.0	0.0	0.0	21.0	0.0	4.0	0.0	4.0	0.0
ARHGAP20	4.0	4.0	0.0	4.0	0.0	0.0	0.0	0.0	0.0	21.0	4.0	0.0	4.0	8.0	0.0	0.0	0.0	0.0	0.0	0.0
ARHGAP29	0.0	0.0	4.0	0.0	0.0	4.0	0.0	0.0	0.0	0.0	0.0	0.0	0.0	8.0	17.0	0.0	0.0	0.0	8.0	4.0
ARHGEF10L	0.0	0.0	0.0	4.0	0.0	0.0	13.0	0.0	0.0	8.0	0.0	4.0	0.0	0.0	0.0	0.0	0.0	4.0	4.0	4.0
ARHGEF11	0.0	0.0	8.0	13.0	4.0	8.0	0.0	4.0	4.0	4.0	0.0	4.0	4.0	0.0	4.0	0.0	17.0	0.0	0.0	4.0
ARHGEF3	0.0	4.0	0.0	0.0	4.0	0.0	0.0	0.0	0.0	0.0	0.0	0.0	4.0	0.0	0.0	0.0	0.0	0.0	8.0	17.0
ARHGEF6	8.0	4.0	8.0	0.0	4.0	8.0	30.0	4.0	0.0	0.0	4.0	13.0	0.0	0.0	0.0	0.0	17.0	0.0	4.0	0.0
ARHGEF9	0.0	4.0	8.0	4.0	4.0	0.0	0.0	0.0	4.0	0.0	8.0	4.0	0.0	0.0	0.0	4.0	0.0	0.0	0.0	0.0
ARID1A	0.0	21.0	30.0	13.0	39.0	4.0	17.0	0.0	13.0	21.0	0.0	0.0	34.0	8.0	26.0	0.0	0.0	0.0	17.0	30.0
ARID2	0.0	8.0	0.0	4.0	4.0	4.0	0.0	4.0	0.0	0.0	0.0	21.0	0.0	4.0	0.0	4.0	4.0	0.0	4.0	21.0
ARID4A	8.0	8.0	0.0	4.0	4.0	8.0	4.0	0.0	4.0	0.0	0.0	0.0	0.0	0.0	0.0	0.0	0.0	0.0	4.0	4.0
ARIH1	0.0	0.0	4.0	13.0	4.0	0.0	0.0	0.0	0.0	0.0	0.0	0.0	0.0	0.0	0.0	0.0	0.0	0.0	13.0	8.0
ARL10	4.0	0.0	0.0	8.0	0.0	0.0	4.0	0.0	0.0	4.0	0.0	8.0	0.0	0.0	4.0	8.0	0.0	0.0	0.0	0.0
ARL3	4.0	0.0	8.0	0.0	4.0	8.0	4.0	0.0	0.0	0.0	0.0	0.0	0.0	4.0	0.0	0.0	0.0	8.0	0.0	4.0
ARL4C	0.0	4.0	0.0	4.0	4.0	4.0	0.0	0.0	0.0	0.0	0.0	0.0	0.0	0.0	0.0	0.0	0.0	0.0	0.0	0.0
ARSD	4.0	0.0	0.0	8.0	0.0	0.0	0.0	4.0	4.0	0.0	4.0	4.0	0.0	4.0	0.0	4.0	0.0	8.0	0.0	0.0
ARSG	4.0	0.0	4.0	8.0	0.0	13.0	0.0	0.0	4.0	4.0	0.0	0.0	0.0	0.0	0.0	0.0	0.0	4.0	0.0	0.0
ASAP2	4.0	0.0	0.0	4.0	4.0	4.0	4.0	0.0	8.0	4.0	0.0	0.0	4.0	0.0	17.0	0.0	0.0	0.0	13.0	4.0
ASAP3	0.0	0.0	4.0	0.0	8.0	0.0	0.0	4.0	4.0	4.0	4.0	0.0	0.0	0.0	0.0	4.0	0.0	0.0	0.0	8.0
ASCC3	21.0	17.0	0.0	0.0	4.0	8.0	17.0	0.0	0.0	4.0	4.0	0.0	4.0	8.0	0.0	0.0	4.0	0.0	8.0	0.0
ASH1L	4.0	13.0	4.0	0.0	26.0	8.0	4.0	8.0	4.0	13.0	8.0	4.0	8.0	8.0	0.0	4.0	13.0	0.0	0.0	0.0
ASPM	13.0	0.0	0.0	8.0	4.0	4.0	0.0	8.0	0.0	8.0	0.0	0.0	0.0	13.0	0.0	0.0	0.0	8.0	4.0	4.0
ATAD2B	0.0	4.0	0.0	0.0	0.0	0.0	4.0	0.0	13.0	0.0	0.0	0.0	4.0	0.0	4.0	0.0	0.0	0.0	0.0	4.0
ATF7IP	4.0	4.0	4.0	4.0	8.0	4.0	8.0	4.0	0.0	0.0	0.0	17.0	8.0	0.0	4.0	0.0	0.0	8.0	13.0	8.0
ATG14	0.0	0.0	0.0	8.0	0.0	8.0	0.0	0.0	8.0	0.0	0.0	0.0	4.0	0.0	0.0	0.0	13.0	4.0	4.0	4.0
ATG16L1	4.0	26.0	0.0	4.0	0.0	0.0	4.0	0.0	0.0	0.0	0.0	8.0	8.0	0.0	8.0	0.0	21.0	0.0	4.0	4.0
ATM	4.0	4.0	0.0	0.0	17.0	4.0	0.0	0.0	0.0	4.0	0.0	0.0	0.0	4.0	0.0	0.0	4.0	4.0	0.0	4.0
ATP10A	0.0	0.0	0.0	0.0	0.0	13.0	0.0	0.0	0.0	0.0	4.0	0.0	4.0	4.0	0.0	0.0	0.0	0.0	0.0	0.0
ATP11A	0.0	4.0	8.0	4.0	8.0	0.0	4.0	4.0	0.0	4.0	0.0	4.0	0.0	13.0	0.0	0.0	0.0	0.0	0.0	0.0
ATP13A1	0.0	0.0	0.0	0.0	0.0	4.0	0.0	0.0	4.0	8.0	0.0	0.0	4.0	0.0	0.0	4.0	4.0	0.0	0.0	0.0
ATP7B	0.0	0.0	0.0	0.0	0.0	4.0	4.0	4.0	4.0	8.0	4.0	0.0	13.0	4.0	4.0	0.0	0.0	0.0	0.0	0.0
ATP9A	0.0	4.0	8.0	4.0	0.0	17.0	0.0	0.0	4.0	0.0	0.0	0.0	0.0	0.0	8.0	0.0	0.0	0.0	0.0	0.0
ATR	0.0	0.0	0.0	0.0	0.0	0.0	0.0	0.0	0.0	0.0	0.0	4.0	21.0	13.0	0.0	0.0	0.0	0.0	26.0	0.0
ATXN1L	0.0	8.0	0.0	8.0	0.0	4.0	0.0	0.0	8.0	0.0	0.0	0.0	0.0	4.0	4.0	0.0	0.0	0.0	0.0	0.0
AVL9	0.0	8.0	8.0	4.0	4.0	8.0	0.0	0.0	8.0	0.0	13.0	0.0	8.0	0.0	0.0	0.0	4.0	4.0	4.0	8.0
B3GALTL	4.0	0.0	0.0	4.0	13.0	0.0	8.0	4.0	0.0	4.0	0.0	0.0	0.0	4.0	0.0	0.0	4.0	0.0	8.0	0.0
B4GALT5	8.0	4.0	0.0	0.0	0.0	0.0	0.0	13.0	0.0	0.0	0.0	8.0	26.0	4.0	13.0	0.0	8.0	0.0	34.0	0.0
BAG5	17.0	0.0	0.0	4.0	17.0	8.0	4.0	4.0	4.0	8.0	4.0	8.0	13.0	8.0	4.0	0.0	0.0	0.0	21.0	13.0
BAHD1	0.0	0.0	0.0	8.0	0.0	8.0	21.0	0.0	4.0	0.0	0.0	0.0	0.0	0.0	0.0	0.0	0.0	0.0	0.0	0.0
BAIAP2L1	0.0	0.0	13.0	8.0	8.0	4.0	0.0	0.0	8.0	4.0	4.0	0.0	8.0	4.0	8.0	0.0	4.0	0.0	13.0	8.0
BCL9	8.0	4.0	0.0	0.0	4.0	4.0	4.0	0.0	0.0	0.0	4.0	0.0	4.0	0.0	8.0	0.0	0.0	0.0	21.0	0.0
BDP1	0.0	0.0	4.0	0.0	0.0	0.0	0.0	0.0	8.0	0.0	0.0	0.0	0.0	4.0	0.0	0.0	0.0	4.0	0.0	0.0
BICD2	17.0	4.0	13.0	4.0	17.0	13.0	17.0	0.0	0.0	43.0	4.0	0.0	34.0	0.0	0.0	0.0	4.0	0.0	43.0	8.0
BIRC3	0.0	0.0	0.0	0.0	4.0	0.0	0.0	0.0	4.0	4.0	0.0	4.0	0.0	0.0	8.0	0.0	8.0	0.0	4.0	4.0
BLM	0.0	0.0	8.0	0.0	17.0	0.0	0.0	0.0	4.0	0.0	0.0	4.0	0.0	0.0	4.0	0.0	4.0	0.0	0.0	0.0
BMPER	0.0	0.0	4.0	4.0	0.0	30.0	26.0	0.0	0.0	0.0	0.0	4.0	0.0	4.0	21.0	0.0	0.0	0.0	0.0	4.0
BOD1L1	30.0	8.0	13.0	0.0	0.0	26.0	4.0	8.0	4.0	13.0	0.0	0.0	4.0	0.0	8.0	13.0	4.0	8.0	4.0	13.0
BRCA2	0.0	8.0	0.0	0.0	17.0	4.0	8.0	4.0	0.0	0.0	0.0	0.0	0.0	0.0	0.0	0.0	8.0	8.0	4.0	0.0
BRD1	4.0	0.0	13.0	0.0	4.0	8.0	0.0	8.0	0.0	0.0	0.0	4.0	26.0	0.0	0.0	0.0	13.0	0.0	8.0	0.0
BRD3	0.0	4.0	4.0	8.0	0.0	8.0	0.0	8.0	0.0	17.0	0.0	0.0	26.0	4.0	0.0	4.0	4.0	4.0	26.0	0.0
BRI3BP	0.0	0.0	0.0	4.0	0.0	0.0	0.0	0.0	4.0	0.0	0.0	0.0	0.0	4.0	4.0	0.0	0.0	0.0	0.0	0.0
BRIP1	0.0	0.0	0.0	0.0	8.0	4.0	8.0	0.0	0.0	8.0	8.0	0.0	4.0	0.0	0.0	4.0	0.0	0.0	0.0	0.0
BROX	0.0	4.0	0.0	0.0	0.0	0.0	4.0	0.0	13.0	0.0	4.0	4.0	0.0	0.0	0.0	0.0	4.0	0.0	4.0	0.0
BRPF1	8.0	0.0	4.0	8.0	4.0	0.0	0.0	17.0	0.0	4.0	4.0	0.0	13.0	4.0	4.0	0.0	0.0	8.0	0.0	0.0
BRWD1	13.0	0.0	4.0	13.0	0.0	26.0	4.0	4.0	4.0	0.0	4.0	0.0	0.0	4.0	8.0	0.0	0.0	8.0	13.0	0.0
C10orf118	4.0	26.0	4.0	0.0	13.0	4.0	0.0	8.0	4.0	0.0	0.0	4.0	4.0	0.0	0.0	0.0	0.0	4.0	0.0	0.0
C10orf12	8.0	4.0	0.0	0.0	4.0	4.0	0.0	0.0	0.0	4.0	0.0	4.0	0.0	0.0	0.0	0.0	0.0	8.0	4.0	0.0
C10orf54	4.0	0.0	4.0	0.0	0.0	0.0	0.0	0.0	8.0	0.0	0.0	0.0	13.0	0.0	0.0	0.0	0.0	0.0	8.0	17.0
C11orf30	0.0	0.0	0.0	8.0	0.0	8.0	0.0	4.0	4.0	8.0	0.0	4.0	4.0	8.0	26.0	4.0	13.0	0.0	4.0	4.0
C11orf95	0.0	0.0	4.0	4.0	4.0	4.0	0.0	4.0	0.0	4.0	8.0	4.0	8.0	4.0	4.0	17.0	4.0	0.0	4.0	0.0
C12orf4	4.0	4.0	4.0	8.0	8.0	0.0	8.0	0.0	0.0	0.0	0.0	4.0	0.0	13.0	0.0	0.0	0.0	0.0	0.0	4.0
C14orf132	4.0	0.0	8.0	4.0	0.0	8.0	8.0	4.0	4.0	17.0	13.0	4.0	0.0	4.0	0.0	0.0	0.0	0.0	0.0	0.0
C16orf72	0.0	21.0	0.0	17.0	21.0	4.0	8.0	21.0	0.0	0.0	0.0	4.0	0.0	0.0	8.0	0.0	8.0	0.0	4.0	17.0
C17orf51	0.0	0.0	0.0	4.0	17.0	4.0	4.0	0.0	0.0	4.0	13.0	4.0	0.0	0.0	4.0	0.0	0.0	0.0	0.0	0.0
C17orf70	0.0	8.0	8.0	0.0	0.0	0.0	0.0	0.0	0.0	8.0	0.0	0.0	8.0	0.0	17.0	0.0	0.0	0.0	4.0	4.0
C18orf25	17.0	0.0	0.0	8.0	0.0	0.0	8.0	8.0	0.0	4.0	4.0	0.0	4.0	0.0	4.0	4.0	8.0	0.0	0.0	0.0
C1orf112	0.0	4.0	0.0	0.0	4.0	0.0	8.0	0.0	0.0	8.0	4.0	0.0	0.0	4.0	0.0	0.0	0.0	0.0	0.0	0.0
C20orf194	8.0	0.0	0.0	4.0	0.0	0.0	0.0	0.0	0.0	0.0	0.0	0.0	4.0	0.0	8.0	4.0	0.0	0.0	0.0	4.0
C2CD3	4.0	0.0	17.0	13.0	0.0	0.0	8.0	17.0	8.0	0.0	8.0	4.0	0.0	0.0	0.0	0.0	13.0	21.0	0.0	8.0
C2CD5	0.0	0.0	4.0	0.0	8.0	0.0	8.0	0.0	0.0	8.0	4.0	0.0	0.0	0.0	0.0	0.0	0.0	0.0	0.0	0.0
C2orf44	0.0	0.0	4.0	0.0	0.0	0.0	21.0	0.0	0.0	8.0	0.0	4.0	4.0	0.0	0.0	0.0	4.0	0.0	0.0	0.0
C2orf49	4.0	4.0	4.0	4.0	0.0	0.0	4.0	0.0	26.0	4.0	0.0	0.0	13.0	0.0	0.0	0.0	0.0	0.0	0.0	0.0
C4orf21	8.0	0.0	4.0	21.0	0.0	0.0	0.0	8.0	4.0	0.0	0.0	0.0	4.0	4.0	13.0	0.0	0.0	0.0	4.0	0.0
C5orf51	4.0	0.0	4.0	4.0	21.0	0.0	8.0	0.0	4.0	8.0	13.0	4.0	21.0	0.0	0.0	0.0	4.0	0.0	4.0	0.0
C7orf41	4.0	0.0	0.0	0.0	4.0	4.0	0.0	0.0	0.0	8.0	0.0	0.0	0.0	0.0	0.0	21.0	0.0	4.0	0.0	0.0
CABIN1	0.0	8.0	0.0	0.0	13.0	0.0	0.0	0.0	4.0	0.0	0.0	0.0	0.0	4.0	26.0	4.0	0.0	0.0	4.0	0.0
CACNA1A	4.0	0.0	0.0	0.0	4.0	0.0	4.0	0.0	8.0	0.0	0.0	0.0	4.0	13.0	4.0	0.0	0.0	0.0	13.0	0.0
CACNA1C	4.0	0.0	4.0	13.0	4.0	0.0	4.0	4.0	0.0	0.0	4.0	0.0	13.0	0.0	0.0	0.0	0.0	0.0	0.0	0.0
CAD	0.0	0.0	13.0	4.0	8.0	30.0	13.0	0.0	0.0	4.0	8.0	0.0	0.0	0.0	8.0	0.0	0.0	0.0	4.0	8.0
CAND2	4.0	0.0	4.0	0.0	0.0	0.0	0.0	0.0	0.0	8.0	0.0	0.0	0.0	4.0	4.0	0.0	0.0	8.0	4.0	0.0
CAPN15	17.0	0.0	0.0	4.0	0.0	4.0	8.0	0.0	0.0	0.0	0.0	0.0	8.0	0.0	0.0	0.0	0.0	0.0	8.0	0.0
CARD10	0.0	8.0	17.0	4.0	4.0	0.0	0.0	0.0	0.0	0.0	8.0	8.0	0.0	0.0	4.0	0.0	0.0	0.0	4.0	0.0
CARD6	0.0	0.0	4.0	4.0	0.0	0.0	0.0	0.0	0.0	8.0	0.0	0.0	0.0	0.0	0.0	0.0	0.0	0.0	13.0	0.0
CASC5	4.0	0.0	0.0	0.0	8.0	0.0	0.0	4.0	30.0	0.0	4.0	0.0	4.0	4.0	4.0	0.0	0.0	0.0	0.0	4.0
CASC7	4.0	13.0	0.0	8.0	0.0	0.0	4.0	0.0	0.0	4.0	8.0	0.0	4.0	0.0	4.0	0.0	0.0	4.0	0.0	0.0
CBL	0.0	0.0	0.0	26.0	8.0	0.0	21.0	8.0	26.0	0.0	0.0	0.0	17.0	4.0	4.0	0.0	4.0	0.0	4.0	8.0
CBX2	0.0	0.0	17.0	0.0	0.0	0.0	8.0	0.0	0.0	0.0	4.0	0.0	0.0	17.0	0.0	0.0	4.0	0.0	0.0	0.0
CBX5	21.0	4.0	13.0	13.0	26.0	17.0	13.0	0.0	0.0	0.0	4.0	4.0	4.0	0.0	8.0	0.0	4.0	0.0	4.0	0.0
CCDC117	0.0	0.0	0.0	8.0	4.0	21.0	0.0	0.0	0.0	13.0	0.0	0.0	17.0	0.0	8.0	4.0	13.0	0.0	8.0	17.0
CCDC93	0.0	0.0	0.0	13.0	0.0	4.0	0.0	17.0	0.0	4.0	0.0	8.0	13.0	0.0	0.0	0.0	4.0	8.0	8.0	0.0
CCNF	13.0	0.0	0.0	13.0	0.0	0.0	0.0	0.0	0.0	0.0	4.0	0.0	8.0	0.0	0.0	8.0	0.0	13.0	8.0	0.0
CCSAP	0.0	0.0	0.0	0.0	0.0	0.0	0.0	0.0	0.0	0.0	0.0	13.0	17.0	8.0	0.0	0.0	0.0	0.0	0.0	4.0
CCSER2	8.0	0.0	26.0	8.0	13.0	0.0	26.0	0.0	4.0	17.0	0.0	4.0	30.0	0.0	0.0	0.0	8.0	0.0	8.0	0.0
CD109	4.0	0.0	4.0	0.0	26.0	0.0	4.0	0.0	0.0	0.0	8.0	0.0	0.0	0.0	4.0	0.0	4.0	0.0	0.0	0.0
CD2AP	4.0	0.0	0.0	0.0	13.0	0.0	4.0	4.0	0.0	17.0	4.0	0.0	0.0	0.0	0.0	0.0	4.0	0.0	4.0	0.0
CDAN1	4.0	8.0	0.0	0.0	0.0	0.0	8.0	0.0	0.0	0.0	4.0	0.0	0.0	4.0	4.0	4.0	0.0	4.0	0.0	0.0
CDC25A	0.0	4.0	0.0	0.0	0.0	4.0	30.0	0.0	0.0	0.0	0.0	4.0	8.0	0.0	0.0	4.0	8.0	8.0	0.0	4.0
CDC42BPA	0.0	0.0	0.0	0.0	0.0	8.0	17.0	4.0	8.0	4.0	4.0	0.0	8.0	0.0	8.0	0.0	4.0	0.0	4.0	0.0
CDC5L	21.0	4.0	0.0	4.0	0.0	4.0	21.0	0.0	0.0	4.0	0.0	0.0	0.0	8.0	0.0	4.0	0.0	0.0	4.0	4.0
CDCA2	13.0	0.0	0.0	0.0	0.0	0.0	26.0	0.0	48.0	4.0	0.0	0.0	0.0	8.0	4.0	0.0	0.0	0.0	4.0	0.0
CDK5RAP2	8.0	8.0	0.0	0.0	30.0	4.0	17.0	0.0	0.0	13.0	0.0	0.0	0.0	0.0	4.0	0.0	13.0	0.0	43.0	4.0
CDKL5	4.0	13.0	4.0	0.0	0.0	0.0	4.0	4.0	4.0	0.0	4.0	0.0	4.0	4.0	4.0	0.0	0.0	0.0	4.0	0.0
CDKN2B	0.0	0.0	0.0	0.0	0.0	0.0	0.0	0.0	0.0	0.0	0.0	0.0	0.0	0.0	0.0	0.0	0.0	0.0	4.0	0.0
CDON	0.0	0.0	0.0	0.0	17.0	0.0	0.0	0.0	4.0	0.0	0.0	4.0	8.0	0.0	4.0	8.0	13.0	8.0	4.0	4.0
CENPF	69.0	17.0	13.0	0.0	74.0	4.0	26.0	13.0	0.0	0.0	0.0	0.0	8.0	0.0	0.0	8.0	8.0	0.0	4.0	0.0
CENPJ	26.0	0.0	4.0	8.0	17.0	0.0	0.0	0.0	8.0	4.0	0.0	0.0	0.0	0.0	4.0	0.0	0.0	8.0	17.0	0.0
CEP128	0.0	0.0	13.0	0.0	0.0	4.0	4.0	0.0	0.0	0.0	4.0	0.0	0.0	8.0	0.0	0.0	4.0	4.0	0.0	4.0
CEP135	4.0	0.0	4.0	0.0	0.0	8.0	0.0	4.0	0.0	0.0	0.0	0.0	0.0	0.0	13.0	0.0	4.0	0.0	0.0	4.0
CEP170B	0.0	13.0	0.0	17.0	0.0	4.0	0.0	4.0	0.0	13.0	0.0	0.0	4.0	4.0	0.0	4.0	17.0	0.0	0.0	4.0
CEP170P1	4.0	26.0	0.0	8.0	13.0	0.0	30.0	8.0	8.0	8.0	8.0	8.0	4.0	0.0	0.0	0.0	0.0	8.0	13.0	13.0
CEP192	4.0	4.0	17.0	4.0	0.0	0.0	0.0	0.0	13.0	0.0	0.0	0.0	0.0	0.0	0.0	0.0	4.0	0.0	21.0	0.0
CEP250	0.0	0.0	17.0	30.0	39.0	4.0	0.0	0.0	8.0	0.0	0.0	8.0	13.0	4.0	4.0	8.0	0.0	13.0	8.0	8.0
CEP41	0.0	0.0	13.0	0.0	4.0	0.0	13.0	0.0	8.0	0.0	8.0	0.0	0.0	4.0	0.0	0.0	0.0	0.0	8.0	0.0
CEP85	17.0	0.0	4.0	4.0	4.0	0.0	4.0	0.0	0.0	0.0	0.0	0.0	0.0	0.0	4.0	0.0	0.0	4.0	0.0	0.0
CERS6	4.0	0.0	4.0	4.0	0.0	0.0	0.0	0.0	0.0	4.0	0.0	0.0	13.0	0.0	0.0	0.0	0.0	0.0	0.0	8.0
CES2	0.0	0.0	0.0	4.0	0.0	0.0	0.0	4.0	4.0	0.0	4.0	0.0	4.0	4.0	0.0	0.0	0.0	0.0	0.0	0.0
CHD6	8.0	8.0	0.0	8.0	4.0	17.0	4.0	0.0	0.0	4.0	8.0	4.0	0.0	0.0	21.0	0.0	0.0	0.0	0.0	4.0
CHD8	0.0	13.0	4.0	4.0	0.0	21.0	8.0	0.0	8.0	13.0	13.0	0.0	0.0	0.0	0.0	4.0	4.0	0.0	4.0	0.0
CHML	0.0	0.0	0.0	26.0	0.0	0.0	8.0	0.0	0.0	0.0	0.0	0.0	0.0	0.0	4.0	0.0	4.0	0.0	8.0	0.0
CHST3	0.0	0.0	13.0	4.0	0.0	0.0	0.0	0.0	0.0	13.0	0.0	0.0	8.0	4.0	0.0	0.0	0.0	0.0	0.0	8.0
CIC	0.0	8.0	0.0	4.0	0.0	0.0	0.0	0.0	0.0	8.0	0.0	4.0	0.0	0.0	4.0	4.0	8.0	0.0	4.0	0.0
CIT	4.0	4.0	0.0	0.0	4.0	0.0	0.0	0.0	0.0	0.0	0.0	0.0	0.0	4.0	0.0	0.0	0.0	0.0	0.0	13.0
CLCN7	0.0	0.0	13.0	4.0	13.0	0.0	8.0	0.0	13.0	4.0	4.0	0.0	4.0	0.0	8.0	0.0	0.0	17.0	0.0	4.0
CLN5	0.0	0.0	0.0	8.0	0.0	0.0	0.0	0.0	0.0	4.0	0.0	8.0	0.0	0.0	0.0	4.0	4.0	0.0	0.0	0.0
CLOCK	0.0	0.0	0.0	17.0	4.0	21.0	17.0	0.0	0.0	0.0	8.0	8.0	8.0	4.0	0.0	0.0	8.0	0.0	0.0	0.0
CLSPN	26.0	13.0	17.0	4.0	8.0	4.0	0.0	4.0	0.0	8.0	0.0	0.0	0.0	4.0	8.0	4.0	0.0	0.0	17.0	0.0
CLTCL1	0.0	4.0	0.0	0.0	8.0	0.0	0.0	8.0	0.0	13.0	4.0	0.0	0.0	0.0	8.0	0.0	0.0	4.0	0.0	4.0
CLUH	0.0	0.0	17.0	13.0	0.0	0.0	0.0	0.0	0.0	26.0	0.0	4.0	4.0	4.0	0.0	0.0	0.0	0.0	13.0	0.0
CNTLN	0.0	8.0	0.0	0.0	17.0	4.0	4.0	0.0	0.0	13.0	0.0	0.0	0.0	0.0	0.0	0.0	0.0	0.0	8.0	0.0
CNTN3	4.0	0.0	0.0	0.0	4.0	0.0	8.0	8.0	8.0	0.0	0.0	4.0	4.0	0.0	0.0	8.0	4.0	4.0	0.0	0.0
CNTRL	4.0	0.0	0.0	4.0	0.0	8.0	0.0	4.0	0.0	0.0	13.0	4.0	0.0	4.0	0.0	0.0	17.0	17.0	0.0	4.0
COG3	4.0	0.0	0.0	0.0	0.0	0.0	0.0	4.0	4.0	0.0	0.0	13.0	0.0	0.0	4.0	0.0	8.0	0.0	13.0	0.0
COL11A1	0.0	0.0	4.0	13.0	0.0	4.0	13.0	8.0	4.0	0.0	8.0	4.0	17.0	17.0	0.0	8.0	0.0	0.0	0.0	4.0
COL7A1	8.0	4.0	0.0	39.0	4.0	13.0	13.0	0.0	0.0	4.0	8.0	0.0	4.0	0.0	8.0	0.0	8.0	4.0	61.0	17.0
CREBBP	4.0	13.0	0.0	0.0	13.0	43.0	4.0	0.0	0.0	4.0	13.0	21.0	39.0	0.0	13.0	4.0	4.0	0.0	4.0	0.0
CREBL2	4.0	0.0	0.0	0.0	4.0	13.0	0.0	0.0	4.0	13.0	4.0	21.0	0.0	4.0	4.0	0.0	4.0	0.0	8.0	0.0
CRNKL1	4.0	4.0	0.0	13.0	4.0	0.0	8.0	0.0	8.0	4.0	0.0	4.0	8.0	0.0	0.0	0.0	0.0	0.0	13.0	0.0
CRY2	4.0	4.0	0.0	4.0	4.0	0.0	0.0	0.0	0.0	4.0	0.0	0.0	8.0	8.0	0.0	4.0	0.0	0.0	0.0	4.0
CRYBG3	8.0	13.0	0.0	4.0	0.0	4.0	4.0	0.0	4.0	21.0	13.0	4.0	8.0	21.0	13.0	0.0	8.0	0.0	0.0	0.0
CSPG4	17.0	0.0	13.0	0.0	0.0	0.0	0.0	0.0	4.0	0.0	0.0	0.0	0.0	0.0	8.0	0.0	21.0	0.0	4.0	0.0
CSPP1	0.0	0.0	0.0	4.0	8.0	0.0	4.0	0.0	4.0	4.0	13.0	0.0	17.0	13.0	0.0	0.0	0.0	0.0	0.0	0.0
CSRNP2	8.0	0.0	4.0	0.0	4.0	0.0	4.0	0.0	0.0	0.0	0.0	0.0	0.0	4.0	4.0	0.0	0.0	8.0	0.0	0.0
CSTF2T	0.0	4.0	17.0	8.0	0.0	0.0	17.0	0.0	0.0	0.0	0.0	17.0	8.0	0.0	0.0	0.0	0.0	0.0	0.0	0.0
CTCF	8.0	4.0	21.0	4.0	30.0	4.0	4.0	0.0	0.0	13.0	0.0	0.0	0.0	0.0	0.0	0.0	0.0	0.0	34.0	8.0
CTDP1	0.0	0.0	0.0	4.0	0.0	13.0	0.0	4.0	0.0	4.0	8.0	0.0	17.0	0.0	0.0	4.0	4.0	0.0	4.0	4.0
CTPS2	4.0	0.0	0.0	0.0	0.0	0.0	0.0	0.0	0.0	4.0	0.0	4.0	0.0	0.0	0.0	0.0	4.0	0.0	8.0	0.0
CUL7	8.0	0.0	0.0	4.0	0.0	0.0	4.0	0.0	0.0	0.0	0.0	0.0	0.0	13.0	0.0	0.0	4.0	4.0	0.0	0.0
CUL9	4.0	13.0	0.0	0.0	4.0	0.0	26.0	0.0	0.0	0.0	0.0	0.0	4.0	4.0	0.0	0.0	0.0	0.0	0.0	0.0
CYFIP2	4.0	0.0	4.0	4.0	4.0	13.0	0.0	0.0	4.0	13.0	13.0	8.0	4.0	8.0	13.0	4.0	8.0	0.0	4.0	0.0
CYP2U1	4.0	0.0	0.0	4.0	0.0	0.0	0.0	0.0	0.0	0.0	21.0	0.0	0.0	0.0	0.0	0.0	8.0	4.0	0.0	0.0
DAAM2	0.0	8.0	0.0	0.0	0.0	0.0	4.0	4.0	0.0	0.0	0.0	8.0	4.0	0.0	0.0	0.0	0.0	0.0	0.0	8.0
DARS2	4.0	0.0	0.0	30.0	0.0	8.0	17.0	0.0	0.0	0.0	0.0	4.0	34.0	17.0	4.0	0.0	0.0	0.0	4.0	0.0
DCBLD1	0.0	0.0	4.0	0.0	4.0	0.0	30.0	8.0	0.0	8.0	0.0	13.0	4.0	0.0	0.0	0.0	0.0	0.0	0.0	0.0
DCLRE1A	4.0	0.0	0.0	4.0	0.0	0.0	0.0	0.0	0.0	0.0	4.0	0.0	0.0	0.0	8.0	0.0	4.0	8.0	0.0	0.0
DDX26B	0.0	8.0	0.0	8.0	8.0	0.0	0.0	0.0	4.0	0.0	4.0	0.0	0.0	0.0	13.0	0.0	0.0	4.0	0.0	0.0
DDX60	13.0	0.0	8.0	0.0	0.0	4.0	4.0	4.0	0.0	4.0	0.0	0.0	8.0	0.0	4.0	4.0	0.0	0.0	0.0	0.0
DDX60L	0.0	0.0	4.0	8.0	0.0	0.0	0.0	4.0	0.0	21.0	13.0	0.0	0.0	0.0	4.0	4.0	0.0	4.0	0.0	0.0
DENND4C	0.0	0.0	8.0	0.0	0.0	8.0	0.0	0.0	0.0	8.0	0.0	4.0	13.0	4.0	4.0	0.0	0.0	0.0	0.0	4.0
DENND6A	13.0	4.0	0.0	8.0	8.0	0.0	0.0	0.0	0.0	26.0	4.0	0.0	0.0	4.0	0.0	8.0	4.0	0.0	0.0	0.0
DGKI	0.0	0.0	0.0	8.0	21.0	0.0	4.0	0.0	0.0	0.0	0.0	0.0	0.0	0.0	8.0	0.0	0.0	0.0	4.0	4.0
DGKQ	0.0	4.0	0.0	8.0	0.0	0.0	17.0	8.0	0.0	8.0	4.0	0.0	4.0	4.0	0.0	0.0	0.0	0.0	0.0	21.0
DGKZP1	0.0	8.0	8.0	0.0	26.0	0.0	13.0	0.0	17.0	4.0	8.0	4.0	39.0	0.0	0.0	0.0	0.0	0.0	4.0	0.0
DHX16	0.0	26.0	13.0	4.0	0.0	8.0	4.0	17.0	4.0	17.0	4.0	0.0	8.0	4.0	17.0	8.0	4.0	4.0	0.0	0.0
DHX34	0.0	0.0	0.0	0.0	0.0	0.0	0.0	0.0	0.0	0.0	8.0	4.0	0.0	0.0	4.0	0.0	0.0	0.0	0.0	0.0
DHX37	0.0	0.0	0.0	0.0	8.0	0.0	13.0	4.0	8.0	0.0	0.0	0.0	0.0	4.0	4.0	0.0	0.0	0.0	0.0	0.0
DHX38	17.0	0.0	0.0	0.0	8.0	17.0	0.0	0.0	0.0	13.0	0.0	8.0	26.0	8.0	4.0	0.0	4.0	13.0	4.0	8.0
DHX57	8.0	0.0	8.0	4.0	0.0	0.0	0.0	0.0	4.0	8.0	0.0	0.0	0.0	13.0	0.0	4.0	17.0	0.0	0.0	4.0
DHX8	17.0	8.0	0.0	4.0	13.0	17.0	8.0	4.0	39.0	0.0	0.0	0.0	4.0	0.0	4.0	0.0	0.0	0.0	4.0	0.0
DIAPH1	4.0	21.0	4.0	0.0	4.0	0.0	4.0	4.0	4.0	0.0	0.0	0.0	13.0	0.0	4.0	17.0	0.0	0.0	43.0	0.0
DIEXF	4.0	0.0	8.0	8.0	0.0	0.0	17.0	0.0	0.0	0.0	0.0	0.0	4.0	0.0	8.0	4.0	0.0	21.0	0.0	0.0
DIO2	0.0	4.0	0.0	0.0	8.0	0.0	4.0	4.0	0.0	4.0	4.0	0.0	0.0	0.0	13.0	0.0	8.0	0.0	0.0	0.0
DIP2A	0.0	0.0	17.0	0.0	13.0	0.0	0.0	0.0	0.0	0.0	4.0	0.0	4.0	0.0	0.0	0.0	0.0	0.0	4.0	0.0
DIP2B	4.0	4.0	4.0	17.0	0.0	0.0	0.0	8.0	8.0	4.0	0.0	0.0	21.0	0.0	0.0	4.0	0.0	0.0	0.0	4.0
DIP2C	0.0	4.0	4.0	8.0	4.0	21.0	4.0	8.0	0.0	21.0	4.0	0.0	13.0	4.0	0.0	0.0	8.0	4.0	4.0	17.0
DIS3L	0.0	4.0	0.0	8.0	0.0	0.0	8.0	26.0	13.0	8.0	0.0	0.0	8.0	0.0	0.0	0.0	0.0	4.0	4.0	4.0
DISP1	8.0	0.0	0.0	0.0	8.0	0.0	8.0	0.0	0.0	4.0	0.0	0.0	4.0	0.0	0.0	0.0	0.0	0.0	0.0	0.0
DMD	0.0	0.0	4.0	8.0	8.0	0.0	4.0	0.0	0.0	0.0	0.0	0.0	0.0	0.0	4.0	0.0	0.0	0.0	0.0	4.0
DMXL1	0.0	4.0	4.0	0.0	0.0	4.0	21.0	0.0	0.0	8.0	0.0	0.0	13.0	0.0	8.0	0.0	0.0	8.0	4.0	8.0
DMXL2	0.0	0.0	0.0	0.0	0.0	0.0	0.0	0.0	0.0	0.0	4.0	0.0	0.0	0.0	0.0	0.0	0.0	0.0	4.0	0.0
DNA2	4.0	0.0	0.0	0.0	0.0	4.0	0.0	0.0	8.0	0.0	0.0	8.0	0.0	0.0	4.0	0.0	0.0	0.0	8.0	0.0
DNAH5	8.0	0.0	0.0	0.0	8.0	0.0	0.0	0.0	0.0	0.0	4.0	0.0	13.0	30.0	0.0	0.0	0.0	4.0	0.0	0.0
DNAJC13	26.0	30.0	4.0	8.0	0.0	0.0	0.0	0.0	4.0	30.0	0.0	0.0	4.0	8.0	0.0	4.0	0.0	0.0	0.0	4.0
DNAJC18	0.0	0.0	13.0	34.0	4.0	0.0	4.0	4.0	13.0	8.0	8.0	0.0	8.0	17.0	4.0	4.0	4.0	0.0	0.0	0.0
DOCK10	8.0	0.0	0.0	0.0	0.0	0.0	0.0	0.0	0.0	8.0	0.0	4.0	0.0	4.0	0.0	0.0	0.0	0.0	4.0	4.0
DOCK11	4.0	0.0	13.0	0.0	8.0	0.0	13.0	0.0	4.0	0.0	8.0	0.0	0.0	0.0	13.0	0.0	0.0	4.0	0.0	0.0
DOCK5	4.0	13.0	8.0	13.0	0.0	8.0	13.0	0.0	4.0	0.0	0.0	0.0	26.0	0.0	0.0	0.0	0.0	0.0	4.0	4.0
DOCK7	8.0	17.0	13.0	4.0	8.0	17.0	4.0	0.0	8.0	39.0	8.0	17.0	17.0	0.0	13.0	0.0	4.0	0.0	8.0	0.0
DOPEY1	0.0	0.0	0.0	0.0	8.0	21.0	0.0	0.0	4.0	0.0	0.0	4.0	0.0	0.0	0.0	0.0	4.0	0.0	0.0	0.0
DPYD	0.0	0.0	0.0	8.0	0.0	0.0	4.0	0.0	0.0	0.0	4.0	0.0	4.0	0.0	4.0	0.0	4.0	4.0	4.0	0.0
DSEL	4.0	0.0	8.0	13.0	0.0	4.0	4.0	0.0	0.0	0.0	0.0	0.0	0.0	0.0	0.0	0.0	21.0	0.0	0.0	0.0
DSP	4.0	0.0	0.0	0.0	8.0	0.0	0.0	0.0	0.0	4.0	13.0	0.0	0.0	0.0	0.0	4.0	0.0	4.0	8.0	4.0
DTX3L	0.0	4.0	4.0	4.0	13.0	0.0	0.0	4.0	0.0	0.0	8.0	0.0	8.0	0.0	0.0	4.0	0.0	8.0	4.0	4.0
DTX4	0.0	26.0	0.0	0.0	0.0	4.0	17.0	0.0	0.0	4.0	0.0	4.0	0.0	0.0	8.0	0.0	4.0	0.0	4.0	0.0
DUSP16	0.0	0.0	0.0	0.0	13.0	4.0	0.0	0.0	4.0	0.0	8.0	0.0	4.0	0.0	0.0	0.0	0.0	0.0	8.0	4.0
DYNC1H1	0.0	65.0	0.0	39.0	13.0	30.0	13.0	17.0	0.0	48.0	34.0	4.0	34.0	8.0	13.0	8.0	13.0	4.0	8.0	0.0
DZIP3	8.0	4.0	4.0	4.0	0.0	4.0	0.0	8.0	0.0	0.0	4.0	0.0	4.0	4.0	0.0	4.0	0.0	0.0	0.0	0.0
E2F3	0.0	0.0	0.0	0.0	0.0	0.0	0.0	0.0	0.0	13.0	13.0	0.0	26.0	0.0	8.0	0.0	0.0	0.0	0.0	4.0
EEF2K	4.0	0.0	4.0	52.0	0.0	0.0	4.0	0.0	0.0	4.0	0.0	0.0	17.0	0.0	4.0	0.0	13.0	8.0	0.0	0.0
EFNB2	0.0	0.0	0.0	4.0	13.0	0.0	4.0	0.0	0.0	4.0	0.0	4.0	0.0	8.0	4.0	0.0	0.0	0.0	8.0	0.0
EGFR	8.0	8.0	0.0	0.0	21.0	13.0	4.0	4.0	0.0	4.0	0.0	4.0	39.0	0.0	0.0	0.0	17.0	0.0	0.0	0.0
EHBP1L1	0.0	4.0	4.0	8.0	0.0	0.0	4.0	0.0	4.0	0.0	0.0	17.0	13.0	0.0	8.0	0.0	0.0	4.0	4.0	0.0
EHD3	4.0	0.0	4.0	8.0	0.0	0.0	8.0	8.0	26.0	13.0	0.0	8.0	8.0	0.0	8.0	17.0	0.0	4.0	8.0	0.0
EHMT1	0.0	4.0	8.0	0.0	0.0	17.0	17.0	8.0	0.0	30.0	8.0	4.0	26.0	4.0	0.0	13.0	8.0	0.0	0.0	0.0
EIF4EBP2	13.0	4.0	8.0	8.0	0.0	13.0	8.0	8.0	8.0	30.0	4.0	13.0	8.0	0.0	4.0	0.0	4.0	0.0	0.0	4.0
EIF4ENIF1	0.0	13.0	17.0	8.0	0.0	0.0	4.0	4.0	0.0	0.0	4.0	0.0	4.0	0.0	4.0	4.0	8.0	13.0	8.0	4.0
ELF4	4.0	0.0	0.0	0.0	8.0	4.0	0.0	0.0	0.0	0.0	4.0	4.0	8.0	8.0	0.0	4.0	0.0	4.0	0.0	0.0
ELMSAN1	4.0	8.0	8.0	4.0	0.0	0.0	0.0	0.0	0.0	4.0	4.0	0.0	0.0	0.0	0.0	0.0	13.0	0.0	0.0	0.0
ENDOD1	4.0	17.0	8.0	0.0	4.0	0.0	0.0	0.0	4.0	4.0	0.0	8.0	17.0	4.0	4.0	0.0	4.0	4.0	13.0	0.0
ENTPD7	0.0	0.0	8.0	4.0	17.0	8.0	0.0	0.0	4.0	13.0	4.0	0.0	8.0	0.0	0.0	0.0	0.0	0.0	4.0	4.0
EPB41	0.0	4.0	0.0	0.0	0.0	17.0	0.0	0.0	4.0	0.0	0.0	0.0	13.0	4.0	0.0	0.0	0.0	0.0	0.0	4.0
EPC2	17.0	0.0	0.0	4.0	0.0	0.0	4.0	0.0	0.0	0.0	0.0	4.0	0.0	0.0	0.0	0.0	8.0	0.0	13.0	0.0
EPHA2	0.0	17.0	4.0	0.0	0.0	13.0	0.0	13.0	4.0	0.0	0.0	8.0	0.0	0.0	26.0	0.0	8.0	0.0	0.0	0.0
ERCC6L	0.0	0.0	4.0	4.0	0.0	0.0	0.0	0.0	0.0	26.0	4.0	0.0	0.0	4.0	0.0	0.0	13.0	0.0	4.0	4.0
ERI1	26.0	4.0	4.0	0.0	0.0	0.0	4.0	8.0	4.0	0.0	0.0	0.0	4.0	0.0	0.0	0.0	8.0	0.0	4.0	8.0
ERMAP	4.0	8.0	8.0	13.0	4.0	0.0	8.0	0.0	0.0	0.0	0.0	0.0	13.0	0.0	0.0	0.0	0.0	8.0	4.0	0.0
ERMP1	0.0	17.0	0.0	4.0	0.0	0.0	0.0	0.0	0.0	4.0	4.0	0.0	4.0	4.0	0.0	0.0	0.0	0.0	0.0	4.0
ERN1	13.0	4.0	0.0	0.0	8.0	0.0	4.0	0.0	0.0	4.0	4.0	0.0	0.0	0.0	17.0	0.0	13.0	0.0	0.0	0.0
ERVK13-1	4.0	0.0	0.0	0.0	0.0	0.0	4.0	0.0	0.0	4.0	0.0	0.0	8.0	0.0	0.0	0.0	4.0	4.0	0.0	4.0
ESCO1	0.0	0.0	8.0	8.0	0.0	8.0	8.0	0.0	0.0	0.0	0.0	0.0	0.0	0.0	0.0	0.0	0.0	0.0	0.0	0.0
ETV3	0.0	0.0	4.0	17.0	4.0	0.0	8.0	4.0	0.0	8.0	0.0	4.0	8.0	17.0	0.0	0.0	0.0	0.0	0.0	8.0
ETV5	0.0	0.0	0.0	0.0	0.0	0.0	0.0	4.0	0.0	0.0	0.0	0.0	0.0	4.0	4.0	0.0	0.0	4.0	0.0	0.0
EVC	0.0	0.0	0.0	8.0	0.0	17.0	8.0	13.0	4.0	0.0	0.0	8.0	0.0	0.0	4.0	0.0	21.0	4.0	4.0	0.0
EVC2	0.0	0.0	0.0	4.0	0.0	0.0	4.0	0.0	0.0	0.0	4.0	0.0	4.0	8.0	0.0	0.0	0.0	0.0	0.0	0.0
EXO1	0.0	17.0	4.0	4.0	8.0	0.0	0.0	4.0	17.0	0.0	8.0	0.0	4.0	0.0	4.0	0.0	0.0	0.0	0.0	0.0
EXOC2	4.0	4.0	0.0	4.0	0.0	0.0	21.0	4.0	4.0	4.0	8.0	4.0	4.0	0.0	4.0	0.0	0.0	0.0	0.0	13.0
EXOC6B	0.0	8.0	0.0	13.0	0.0	4.0	4.0	8.0	17.0	30.0	8.0	13.0	8.0	0.0	0.0	0.0	21.0	0.0	4.0	4.0
EYA3	0.0	4.0	4.0	13.0	0.0	0.0	0.0	13.0	4.0	4.0	0.0	8.0	17.0	0.0	4.0	4.0	4.0	0.0	0.0	4.0
FAM120C	0.0	4.0	0.0	0.0	13.0	0.0	4.0	4.0	0.0	0.0	4.0	4.0	0.0	0.0	0.0	4.0	4.0	0.0	0.0	0.0
FAM126B	0.0	0.0	0.0	4.0	0.0	4.0	0.0	4.0	8.0	13.0	0.0	4.0	0.0	0.0	4.0	0.0	4.0	0.0	0.0	0.0
FAM129A	0.0	0.0	0.0	4.0	4.0	8.0	13.0	4.0	0.0	4.0	0.0	0.0	4.0	4.0	4.0	0.0	0.0	0.0	0.0	0.0
FAM131B	0.0	0.0	0.0	0.0	4.0	0.0	0.0	0.0	13.0	4.0	0.0	0.0	0.0	0.0	4.0	0.0	0.0	0.0	0.0	0.0
FAM13A	21.0	4.0	0.0	0.0	4.0	34.0	21.0	17.0	0.0	0.0	4.0	8.0	4.0	0.0	26.0	4.0	0.0	0.0	4.0	13.0
FAM13B	0.0	0.0	8.0	0.0	0.0	4.0	0.0	0.0	0.0	0.0	13.0	0.0	0.0	0.0	0.0	0.0	0.0	0.0	0.0	4.0
FAM168A	0.0	0.0	0.0	0.0	4.0	0.0	8.0	4.0	4.0	0.0	4.0	0.0	0.0	0.0	0.0	0.0	0.0	0.0	4.0	0.0
FAM171A1	0.0	0.0	0.0	4.0	52.0	0.0	0.0	0.0	0.0	4.0	0.0	13.0	13.0	4.0	8.0	4.0	0.0	0.0	8.0	13.0
FAM171B	13.0	0.0	0.0	4.0	0.0	0.0	4.0	0.0	4.0	0.0	8.0	8.0	0.0	0.0	0.0	0.0	8.0	0.0	13.0	0.0
FAM178A	34.0	0.0	4.0	8.0	17.0	8.0	26.0	0.0	0.0	4.0	0.0	0.0	0.0	0.0	0.0	8.0	13.0	0.0	8.0	4.0
FAM179B	13.0	0.0	21.0	0.0	0.0	0.0	0.0	8.0	0.0	4.0	0.0	0.0	0.0	4.0	0.0	0.0	4.0	0.0	0.0	0.0
FAM198B	4.0	0.0	8.0	4.0	13.0	17.0	13.0	0.0	0.0	0.0	4.0	8.0	0.0	0.0	0.0	0.0	0.0	4.0	0.0	0.0
FAM208B	0.0	0.0	8.0	4.0	8.0	4.0	21.0	0.0	21.0	4.0	4.0	4.0	0.0	0.0	8.0	0.0	4.0	8.0	13.0	4.0
FAM212B	0.0	0.0	0.0	0.0	4.0	4.0	0.0	0.0	4.0	0.0	0.0	0.0	8.0	4.0	4.0	0.0	4.0	4.0	26.0	0.0
FAM214A	0.0	0.0	0.0	0.0	0.0	4.0	0.0	4.0	0.0	4.0	0.0	0.0	4.0	0.0	8.0	0.0	0.0	0.0	0.0	4.0
FAM217B	4.0	4.0	4.0	0.0	0.0	0.0	30.0	4.0	4.0	0.0	13.0	0.0	4.0	4.0	0.0	0.0	8.0	17.0	0.0	0.0
FAM26E	4.0	4.0	0.0	0.0	0.0	0.0	8.0	0.0	0.0	0.0	0.0	0.0	0.0	4.0	0.0	0.0	0.0	0.0	0.0	0.0
FAM46A	0.0	13.0	0.0	0.0	4.0	0.0	0.0	0.0	0.0	39.0	0.0	17.0	0.0	0.0	4.0	0.0	0.0	0.0	0.0	0.0
FAM46C	0.0	0.0	0.0	0.0	0.0	0.0	0.0	0.0	4.0	4.0	8.0	0.0	0.0	4.0	26.0	0.0	4.0	0.0	4.0	13.0
FAM53C	0.0	0.0	0.0	0.0	4.0	4.0	8.0	0.0	0.0	13.0	13.0	0.0	0.0	0.0	0.0	0.0	0.0	0.0	0.0	0.0
FAM63B	4.0	17.0	13.0	4.0	4.0	0.0	8.0	0.0	0.0	4.0	0.0	0.0	0.0	21.0	17.0	0.0	8.0	0.0	13.0	0.0
FAM83G	0.0	0.0	0.0	4.0	0.0	0.0	4.0	4.0	0.0	17.0	0.0	0.0	4.0	0.0	0.0	0.0	0.0	0.0	17.0	0.0
FAM8A1	0.0	0.0	0.0	17.0	0.0	13.0	0.0	0.0	0.0	0.0	4.0	0.0	8.0	8.0	0.0	0.0	0.0	8.0	8.0	0.0
FAN1	0.0	0.0	0.0	0.0	0.0	0.0	0.0	0.0	0.0	8.0	8.0	4.0	17.0	8.0	0.0	4.0	4.0	8.0	0.0	0.0
FASN	13.0	0.0	4.0	21.0	0.0	0.0	0.0	0.0	0.0	4.0	4.0	0.0	0.0	0.0	13.0	0.0	0.0	0.0	4.0	0.0
FBXO30	0.0	4.0	8.0	0.0	4.0	13.0	8.0	0.0	0.0	0.0	8.0	8.0	17.0	8.0	0.0	0.0	4.0	0.0	0.0	0.0
FBXO42	0.0	8.0	0.0	0.0	21.0	21.0	0.0	0.0	0.0	4.0	0.0	0.0	4.0	4.0	4.0	4.0	0.0	0.0	0.0	17.0
FBXO45	0.0	0.0	0.0	0.0	8.0	13.0	8.0	4.0	4.0	8.0	0.0	0.0	4.0	0.0	0.0	0.0	0.0	4.0	4.0	0.0
FCHSD2	0.0	8.0	0.0	8.0	0.0	0.0	0.0	0.0	34.0	0.0	4.0	0.0	0.0	0.0	0.0	8.0	8.0	0.0	0.0	0.0
FEM1C	13.0	0.0	0.0	4.0	0.0	4.0	0.0	4.0	0.0	0.0	4.0	0.0	8.0	4.0	8.0	0.0	0.0	0.0	0.0	0.0
FGD1	8.0	0.0	4.0	0.0	8.0	13.0	4.0	4.0	13.0	0.0	0.0	0.0	4.0	0.0	17.0	0.0	8.0	0.0	26.0	0.0
FHOD1	17.0	0.0	0.0	0.0	8.0	8.0	0.0	0.0	4.0	4.0	0.0	0.0	0.0	0.0	39.0	0.0	8.0	13.0	0.0	0.0
FITM2	0.0	0.0	13.0	0.0	0.0	4.0	0.0	0.0	13.0	0.0	13.0	0.0	4.0	0.0	0.0	0.0	4.0	4.0	0.0	0.0
FKBP5	0.0	0.0	0.0	4.0	0.0	4.0	0.0	0.0	0.0	4.0	8.0	0.0	4.0	8.0	0.0	0.0	4.0	0.0	0.0	0.0
FLNB	8.0	17.0	4.0	0.0	13.0	8.0	0.0	0.0	0.0	4.0	0.0	8.0	0.0	0.0	4.0	0.0	0.0	0.0	0.0	0.0
FLNC	8.0	34.0	0.0	0.0	8.0	13.0	21.0	4.0	0.0	0.0	8.0	26.0	17.0	13.0	13.0	0.0	4.0	0.0	17.0	4.0
FLRT3	0.0	4.0	13.0	0.0	0.0	0.0	0.0	0.0	0.0	13.0	0.0	0.0	0.0	0.0	4.0	0.0	0.0	0.0	0.0	0.0
FMNL2	0.0	0.0	0.0	0.0	0.0	13.0	4.0	4.0	0.0	4.0	4.0	0.0	0.0	0.0	0.0	0.0	4.0	0.0	0.0	0.0
FMNL3	4.0	4.0	0.0	0.0	26.0	0.0	8.0	4.0	0.0	0.0	0.0	13.0	0.0	0.0	0.0	0.0	4.0	4.0	0.0	8.0
FNBP1L	0.0	0.0	0.0	4.0	0.0	0.0	4.0	4.0	4.0	21.0	26.0	0.0	0.0	0.0	4.0	0.0	0.0	17.0	0.0	0.0
FNIP1	4.0	4.0	0.0	0.0	0.0	0.0	17.0	4.0	0.0	0.0	0.0	13.0	4.0	4.0	0.0	0.0	0.0	8.0	8.0	0.0
FOSB	13.0	17.0	0.0	4.0	0.0	4.0	4.0	0.0	13.0	0.0	8.0	4.0	4.0	0.0	13.0	8.0	4.0	0.0	0.0	0.0
FOXJ2	0.0	13.0	0.0	8.0	4.0	0.0	4.0	8.0	0.0	13.0	0.0	0.0	0.0	4.0	0.0	0.0	8.0	4.0	13.0	8.0
FOXK1	8.0	0.0	8.0	8.0	8.0	0.0	4.0	8.0	26.0	21.0	0.0	4.0	4.0	8.0	8.0	0.0	13.0	0.0	4.0	4.0
FOXK2	8.0	17.0	0.0	13.0	8.0	0.0	0.0	8.0	0.0	0.0	0.0	4.0	4.0	0.0	4.0	0.0	0.0	0.0	0.0	0.0
FOXM1	26.0	13.0	0.0	13.0	21.0	0.0	0.0	0.0	4.0	0.0	17.0	0.0	0.0	13.0	4.0	17.0	0.0	0.0	8.0	0.0
FRY	8.0	0.0	0.0	0.0	0.0	4.0	17.0	0.0	4.0	8.0	4.0	0.0	17.0	4.0	0.0	0.0	0.0	0.0	0.0	0.0
FTSJD2	8.0	4.0	0.0	8.0	4.0	4.0	13.0	0.0	0.0	8.0	0.0	21.0	4.0	0.0	8.0	0.0	0.0	0.0	0.0	0.0
FYCO1	0.0	4.0	0.0	0.0	4.0	0.0	0.0	4.0	8.0	0.0	8.0	13.0	39.0	0.0	0.0	0.0	17.0	0.0	0.0	0.0
FZD4	0.0	0.0	4.0	4.0	4.0	0.0	0.0	0.0	4.0	4.0	8.0	4.0	0.0	0.0	0.0	0.0	17.0	0.0	0.0	4.0
GAN	0.0	0.0	4.0	21.0	8.0	0.0	0.0	0.0	4.0	8.0	17.0	13.0	0.0	0.0	8.0	0.0	0.0	0.0	0.0	8.0
GBF1	8.0	17.0	0.0	4.0	8.0	0.0	26.0	0.0	4.0	48.0	0.0	8.0	30.0	4.0	4.0	4.0	21.0	0.0	0.0	4.0
GDF11	4.0	0.0	8.0	0.0	17.0	26.0	0.0	4.0	4.0	4.0	0.0	4.0	4.0	8.0	4.0	0.0	0.0	0.0	0.0	0.0
GEMIN4	8.0	0.0	0.0	8.0	17.0	0.0	4.0	17.0	0.0	8.0	0.0	13.0	0.0	0.0	8.0	0.0	0.0	0.0	4.0	4.0
GID4	0.0	0.0	0.0	0.0	0.0	8.0	0.0	4.0	8.0	0.0	0.0	0.0	0.0	0.0	0.0	0.0	0.0	4.0	4.0	0.0
GIGYF1	0.0	0.0	0.0	0.0	0.0	4.0	17.0	0.0	0.0	4.0	0.0	0.0	17.0	0.0	0.0	0.0	4.0	0.0	0.0	0.0
GJA3	0.0	0.0	4.0	0.0	0.0	4.0	0.0	0.0	0.0	8.0	0.0	4.0	0.0	0.0	0.0	0.0	0.0	0.0	0.0	4.0
GLTSCR1L	13.0	0.0	17.0	0.0	0.0	4.0	8.0	0.0	4.0	8.0	4.0	4.0	4.0	8.0	4.0	0.0	0.0	0.0	0.0	0.0
GM2A	0.0	8.0	0.0	4.0	4.0	0.0	0.0	0.0	0.0	26.0	0.0	0.0	21.0	0.0	4.0	0.0	0.0	0.0	0.0	0.0
GMEB2	0.0	0.0	21.0	8.0	4.0	0.0	0.0	0.0	4.0	0.0	0.0	13.0	13.0	4.0	0.0	4.0	0.0	0.0	8.0	0.0
GOLGA8A	0.0	0.0	0.0	8.0	13.0	13.0	8.0	0.0	4.0	4.0	4.0	0.0	0.0	4.0	0.0	0.0	8.0	0.0	0.0	0.0
GPAM	4.0	4.0	0.0	0.0	0.0	0.0	0.0	0.0	0.0	0.0	0.0	0.0	0.0	0.0	4.0	0.0	4.0	0.0	0.0	0.0
GPATCH1	0.0	0.0	0.0	0.0	4.0	8.0	0.0	0.0	4.0	4.0	0.0	0.0	0.0	0.0	4.0	0.0	4.0	4.0	8.0	8.0
GPD1L	0.0	0.0	0.0	4.0	17.0	21.0	4.0	0.0	4.0	0.0	17.0	4.0	13.0	0.0	8.0	13.0	4.0	13.0	0.0	0.0
GPR107	0.0	4.0	8.0	17.0	0.0	8.0	21.0	0.0	26.0	13.0	13.0	13.0	17.0	4.0	4.0	0.0	30.0	4.0	39.0	0.0
GPR155	0.0	0.0	4.0	0.0	0.0	0.0	4.0	0.0	0.0	26.0	0.0	0.0	0.0	4.0	4.0	0.0	0.0	0.0	0.0	8.0
GPR180	17.0	0.0	0.0	4.0	0.0	4.0	4.0	0.0	0.0	0.0	0.0	0.0	0.0	0.0	4.0	0.0	8.0	4.0	4.0	4.0
GPRC5B	4.0	4.0	0.0	0.0	0.0	0.0	4.0	0.0	4.0	0.0	0.0	0.0	0.0	0.0	0.0	0.0	0.0	4.0	0.0	0.0
GPRIN1	4.0	0.0	0.0	8.0	0.0	0.0	0.0	4.0	0.0	0.0	0.0	0.0	0.0	0.0	0.0	0.0	0.0	4.0	0.0	0.0
GREM2	4.0	0.0	39.0	0.0	4.0	4.0	0.0	0.0	0.0	4.0	0.0	8.0	13.0	0.0	0.0	0.0	13.0	4.0	13.0	0.0
GSE1	4.0	4.0	0.0	13.0	8.0	0.0	13.0	4.0	0.0	4.0	13.0	4.0	0.0	0.0	4.0	17.0	0.0	0.0	0.0	0.0
GTF3C1	21.0	0.0	0.0	0.0	13.0	0.0	4.0	0.0	0.0	4.0	4.0	0.0	13.0	0.0	4.0	0.0	0.0	0.0	8.0	8.0
GTF3C2	4.0	8.0	4.0	13.0	21.0	17.0	4.0	4.0	0.0	13.0	4.0	0.0	30.0	0.0	8.0	0.0	0.0	4.0	8.0	0.0
GTF3C4	8.0	4.0	0.0	4.0	0.0	8.0	8.0	8.0	4.0	4.0	0.0	0.0	0.0	0.0	0.0	0.0	0.0	0.0	4.0	0.0
GUF1	0.0	8.0	13.0	13.0	8.0	4.0	4.0	0.0	4.0	4.0	0.0	4.0	0.0	0.0	0.0	0.0	0.0	0.0	4.0	0.0
H6PD	0.0	0.0	0.0	4.0	8.0	8.0	13.0	4.0	4.0	8.0	0.0	0.0	0.0	0.0	0.0	0.0	4.0	0.0	17.0	0.0
HAS2	4.0	0.0	0.0	8.0	0.0	0.0	4.0	0.0	0.0	0.0	0.0	0.0	0.0	0.0	0.0	0.0	0.0	0.0	0.0	0.0
HCFC1	13.0	0.0	0.0	17.0	17.0	0.0	0.0	8.0	21.0	0.0	4.0	0.0	17.0	0.0	0.0	4.0	4.0	0.0	0.0	0.0
HEATR5B	0.0	0.0	0.0	0.0	0.0	0.0	0.0	0.0	8.0	4.0	0.0	0.0	4.0	0.0	0.0	4.0	4.0	8.0	4.0	0.0
HEATR6	21.0	0.0	4.0	4.0	0.0	4.0	13.0	8.0	13.0	21.0	4.0	0.0	0.0	0.0	17.0	4.0	8.0	4.0	4.0	0.0
HECTD2	0.0	4.0	0.0	0.0	13.0	4.0	0.0	4.0	4.0	0.0	0.0	17.0	0.0	8.0	0.0	0.0	13.0	8.0	4.0	17.0
HECTD3	0.0	4.0	0.0	4.0	0.0	0.0	0.0	0.0	0.0	13.0	4.0	4.0	0.0	13.0	4.0	0.0	8.0	13.0	0.0	4.0
HELZ2	0.0	0.0	8.0	4.0	0.0	0.0	0.0	0.0	13.0	0.0	0.0	4.0	4.0	0.0	0.0	0.0	0.0	4.0	0.0	4.0
HERC1	4.0	0.0	4.0	4.0	0.0	0.0	0.0	0.0	0.0	8.0	0.0	4.0	13.0	0.0	0.0	0.0	4.0	13.0	0.0	26.0
HERC2	0.0	4.0	0.0	0.0	13.0	8.0	0.0	0.0	4.0	0.0	8.0	8.0	0.0	0.0	8.0	0.0	0.0	0.0	0.0	0.0
HEXIM1	4.0	0.0	0.0	4.0	0.0	8.0	0.0	0.0	0.0	0.0	17.0	0.0	17.0	0.0	0.0	0.0	0.0	8.0	0.0	4.0
HIP1	8.0	0.0	4.0	17.0	4.0	0.0	17.0	0.0	13.0	21.0	4.0	8.0	26.0	0.0	0.0	0.0	21.0	4.0	0.0	0.0
HIP1R	8.0	0.0	0.0	0.0	4.0	0.0	4.0	8.0	0.0	0.0	0.0	0.0	0.0	0.0	8.0	4.0	0.0	4.0	0.0	4.0
HIPK1	4.0	8.0	0.0	8.0	8.0	17.0	0.0	0.0	0.0	4.0	4.0	8.0	0.0	8.0	4.0	0.0	4.0	8.0	4.0	8.0
HIRA	0.0	4.0	0.0	13.0	0.0	8.0	4.0	4.0	0.0	0.0	0.0	0.0	0.0	8.0	4.0	0.0	4.0	0.0	8.0	0.0
HIVEP1	8.0	0.0	26.0	0.0	0.0	0.0	13.0	8.0	0.0	0.0	0.0	0.0	0.0	0.0	13.0	0.0	0.0	0.0	0.0	13.0
HIVEP2	13.0	0.0	8.0	8.0	4.0	0.0	0.0	0.0	4.0	13.0	0.0	0.0	0.0	0.0	0.0	0.0	4.0	4.0	0.0	0.0
HMCN1	4.0	8.0	0.0	0.0	4.0	0.0	0.0	0.0	4.0	13.0	0.0	0.0	0.0	0.0	0.0	0.0	4.0	4.0	4.0	0.0
HMGXB3	4.0	0.0	0.0	0.0	8.0	4.0	0.0	4.0	0.0	13.0	0.0	0.0	4.0	8.0	8.0	0.0	4.0	4.0	13.0	0.0
HPS4	4.0	4.0	13.0	0.0	4.0	0.0	0.0	0.0	0.0	0.0	0.0	0.0	17.0	0.0	4.0	0.0	0.0	0.0	8.0	4.0
HPS5	0.0	0.0	0.0	17.0	4.0	4.0	13.0	0.0	0.0	13.0	0.0	4.0	8.0	13.0	0.0	17.0	26.0	0.0	0.0	0.0
HSPA12A	4.0	4.0	0.0	0.0	21.0	0.0	0.0	0.0	0.0	17.0	0.0	0.0	13.0	0.0	0.0	0.0	4.0	4.0	4.0	0.0
HSPA4L	26.0	0.0	0.0	21.0	8.0	0.0	0.0	0.0	0.0	4.0	0.0	4.0	0.0	8.0	0.0	0.0	0.0	0.0	4.0	0.0
IFT122	0.0	0.0	13.0	4.0	13.0	8.0	0.0	0.0	8.0	0.0	8.0	0.0	0.0	13.0	0.0	0.0	8.0	0.0	4.0	0.0
IGF2R	17.0	4.0	0.0	0.0	0.0	52.0	0.0	4.0	17.0	0.0	4.0	8.0	26.0	4.0	30.0	0.0	4.0	4.0	39.0	0.0
IGHMBP2	4.0	0.0	0.0	4.0	0.0	21.0	0.0	0.0	0.0	0.0	0.0	8.0	8.0	0.0	0.0	0.0	4.0	8.0	0.0	0.0
IKZF5	0.0	0.0	21.0	8.0	0.0	8.0	0.0	4.0	13.0	0.0	0.0	0.0	8.0	0.0	0.0	0.0	0.0	0.0	0.0	0.0
IL17RA	8.0	0.0	0.0	0.0	0.0	13.0	0.0	0.0	0.0	4.0	0.0	0.0	8.0	13.0	0.0	0.0	4.0	4.0	0.0	0.0
INPP4A	8.0	0.0	0.0	4.0	0.0	0.0	0.0	0.0	21.0	0.0	0.0	13.0	0.0	4.0	4.0	0.0	0.0	0.0	0.0	0.0
INPP5F	8.0	0.0	0.0	0.0	8.0	0.0	4.0	0.0	0.0	13.0	4.0	0.0	8.0	0.0	0.0	0.0	4.0	0.0	4.0	0.0
INSR	4.0	17.0	4.0	0.0	8.0	0.0	0.0	0.0	4.0	4.0	0.0	0.0	0.0	8.0	0.0	0.0	0.0	0.0	0.0	0.0
INTS1	13.0	4.0	0.0	0.0	0.0	4.0	0.0	0.0	0.0	8.0	0.0	0.0	8.0	0.0	0.0	0.0	13.0	0.0	0.0	4.0
INTS2	4.0	8.0	0.0	8.0	8.0	13.0	0.0	0.0	8.0	4.0	0.0	0.0	0.0	0.0	4.0	0.0	0.0	4.0	17.0	4.0
INTS3	8.0	0.0	8.0	0.0	13.0	17.0	8.0	0.0	8.0	4.0	0.0	0.0	0.0	0.0	8.0	4.0	4.0	0.0	0.0	4.0
IPO9	0.0	0.0	4.0	0.0	17.0	0.0	4.0	8.0	21.0	0.0	4.0	4.0	0.0	0.0	4.0	0.0	4.0	4.0	0.0	4.0
IQCE	4.0	0.0	0.0	0.0	0.0	0.0	0.0	0.0	17.0	17.0	0.0	0.0	0.0	21.0	0.0	0.0	4.0	0.0	0.0	0.0
IQGAP3	0.0	0.0	4.0	0.0	17.0	4.0	0.0	8.0	0.0	4.0	0.0	0.0	8.0	0.0	0.0	0.0	0.0	0.0	4.0	0.0
IQSEC1	0.0	8.0	0.0	4.0	0.0	0.0	4.0	4.0	4.0	4.0	0.0	4.0	0.0	0.0	4.0	0.0	13.0	0.0	0.0	4.0
ITGA11	0.0	0.0	0.0	0.0	26.0	8.0	0.0	0.0	4.0	0.0	0.0	0.0	4.0	8.0	8.0	0.0	8.0	4.0	0.0	0.0
ITGA2	0.0	8.0	8.0	8.0	4.0	0.0	17.0	0.0	4.0	0.0	17.0	13.0	0.0	4.0	0.0	0.0	4.0	0.0	0.0	4.0
ITGA6	0.0	0.0	4.0	4.0	21.0	8.0	0.0	0.0	0.0	26.0	8.0	8.0	4.0	8.0	0.0	4.0	8.0	0.0	4.0	8.0
ITGA7	0.0	0.0	0.0	0.0	0.0	0.0	0.0	0.0	13.0	8.0	0.0	4.0	4.0	0.0	0.0	8.0	8.0	4.0	0.0	4.0
ITGB8	0.0	0.0	13.0	8.0	0.0	0.0	4.0	0.0	0.0	4.0	0.0	0.0	0.0	4.0	0.0	0.0	0.0	0.0	0.0	8.0
ITPR1	8.0	0.0	0.0	0.0	0.0	0.0	0.0	4.0	0.0	13.0	4.0	8.0	0.0	0.0	0.0	0.0	4.0	0.0	4.0	4.0
ITPRIP	13.0	0.0	0.0	4.0	13.0	0.0	17.0	0.0	4.0	0.0	0.0	0.0	0.0	0.0	0.0	0.0	0.0	0.0	4.0	0.0
ITPRIPL2	0.0	0.0	0.0	4.0	8.0	8.0	0.0	0.0	4.0	0.0	4.0	4.0	8.0	0.0	0.0	4.0	0.0	0.0	0.0	0.0
ITSN2	0.0	0.0	0.0	0.0	4.0	0.0	0.0	0.0	0.0	8.0	4.0	4.0	0.0	4.0	0.0	0.0	8.0	0.0	4.0	0.0
JAG1	21.0	4.0	4.0	26.0	0.0	4.0	4.0	4.0	17.0	8.0	13.0	17.0	39.0	0.0	4.0	4.0	0.0	4.0	0.0	8.0
JARID2	0.0	0.0	0.0	17.0	0.0	4.0	0.0	8.0	4.0	0.0	4.0	0.0	34.0	0.0	4.0	4.0	8.0	4.0	0.0	0.0
JRK	4.0	0.0	0.0	0.0	4.0	0.0	0.0	0.0	8.0	0.0	8.0	0.0	0.0	4.0	4.0	0.0	0.0	0.0	8.0	0.0
KANK1	8.0	0.0	21.0	0.0	13.0	0.0	0.0	4.0	21.0	0.0	4.0	0.0	8.0	4.0	0.0	0.0	13.0	0.0	4.0	0.0
KAT6A	17.0	17.0	13.0	13.0	13.0	0.0	8.0	0.0	30.0	4.0	8.0	4.0	17.0	0.0	0.0	0.0	0.0	0.0	17.0	0.0
KCNMA1	0.0	0.0	4.0	13.0	0.0	21.0	0.0	13.0	0.0	0.0	0.0	17.0	0.0	0.0	4.0	0.0	0.0	4.0	0.0	0.0
KCTD2	4.0	8.0	0.0	13.0	4.0	4.0	0.0	4.0	0.0	0.0	0.0	0.0	0.0	0.0	13.0	4.0	4.0	4.0	0.0	0.0
KDM1B	0.0	0.0	4.0	8.0	4.0	0.0	0.0	0.0	0.0	0.0	0.0	0.0	8.0	0.0	0.0	0.0	0.0	4.0	0.0	4.0
KDM3B	4.0	8.0	8.0	0.0	13.0	13.0	4.0	13.0	0.0	0.0	8.0	13.0	26.0	0.0	8.0	0.0	4.0	0.0	4.0	0.0
KDM4A	0.0	4.0	8.0	0.0	8.0	8.0	4.0	13.0	4.0	26.0	4.0	26.0	4.0	0.0	4.0	0.0	4.0	0.0	4.0	4.0
KIAA0247	0.0	8.0	4.0	4.0	8.0	0.0	8.0	0.0	0.0	0.0	0.0	0.0	4.0	0.0	0.0	0.0	8.0	0.0	0.0	4.0
KIAA0355	21.0	8.0	8.0	0.0	8.0	4.0	4.0	0.0	17.0	4.0	0.0	0.0	4.0	4.0	0.0	0.0	13.0	0.0	8.0	0.0
KIAA0753	0.0	0.0	4.0	17.0	0.0	0.0	4.0	4.0	0.0	4.0	8.0	0.0	0.0	4.0	0.0	4.0	4.0	8.0	4.0	0.0
KIAA0754	0.0	4.0	8.0	26.0	4.0	0.0	17.0	0.0	13.0	0.0	13.0	0.0	8.0	0.0	4.0	0.0	8.0	0.0	8.0	0.0
KIAA1147	0.0	0.0	0.0	8.0	8.0	0.0	0.0	8.0	4.0	0.0	4.0	0.0	4.0	0.0	0.0	0.0	8.0	0.0	0.0	8.0
KIAA1462	4.0	4.0	0.0	8.0	0.0	13.0	21.0	4.0	26.0	8.0	4.0	21.0	0.0	13.0	4.0	0.0	0.0	0.0	0.0	0.0
KIAA1551	0.0	21.0	17.0	26.0	21.0	0.0	4.0	0.0	8.0	4.0	0.0	0.0	4.0	0.0	0.0	4.0	0.0	8.0	0.0	0.0
KIAA2018	0.0	0.0	0.0	4.0	13.0	0.0	0.0	0.0	0.0	17.0	0.0	4.0	0.0	0.0	13.0	0.0	4.0	8.0	0.0	0.0
KIAA2026	4.0	8.0	4.0	4.0	4.0	8.0	4.0	26.0	4.0	0.0	0.0	4.0	0.0	4.0	0.0	4.0	4.0	0.0	13.0	0.0
KIDINS220	0.0	0.0	0.0	8.0	4.0	21.0	17.0	21.0	13.0	0.0	4.0	21.0	52.0	4.0	0.0	0.0	4.0	8.0	13.0	4.0
KIF13A	8.0	0.0	8.0	0.0	4.0	13.0	4.0	0.0	0.0	8.0	4.0	0.0	8.0	4.0	0.0	0.0	4.0	0.0	4.0	0.0
KIF14	0.0	0.0	0.0	4.0	0.0	0.0	0.0	0.0	0.0	0.0	0.0	4.0	0.0	0.0	4.0	0.0	0.0	4.0	4.0	0.0
KIF15	8.0	0.0	0.0	4.0	0.0	0.0	4.0	0.0	0.0	0.0	0.0	0.0	0.0	0.0	8.0	0.0	0.0	4.0	8.0	0.0
KIF16B	0.0	0.0	0.0	0.0	4.0	4.0	0.0	0.0	8.0	13.0	0.0	8.0	4.0	0.0	0.0	0.0	0.0	0.0	8.0	4.0
KIF18B	4.0	0.0	0.0	0.0	0.0	0.0	0.0	0.0	0.0	13.0	0.0	0.0	4.0	0.0	8.0	0.0	0.0	8.0	0.0	0.0
KIF7	0.0	8.0	21.0	0.0	8.0	21.0	0.0	4.0	0.0	4.0	13.0	0.0	0.0	0.0	0.0	0.0	8.0	0.0	0.0	4.0
KLF11	0.0	0.0	0.0	0.0	0.0	0.0	0.0	0.0	17.0	4.0	0.0	0.0	0.0	4.0	0.0	0.0	4.0	4.0	4.0	0.0
KLF13	0.0	0.0	0.0	8.0	0.0	4.0	0.0	0.0	4.0	4.0	0.0	4.0	8.0	4.0	13.0	0.0	0.0	0.0	0.0	0.0
KLF3	0.0	4.0	26.0	4.0	4.0	0.0	4.0	21.0	0.0	0.0	0.0	0.0	17.0	0.0	0.0	0.0	0.0	4.0	0.0	8.0
KLF9	8.0	0.0	13.0	0.0	4.0	4.0	8.0	4.0	0.0	8.0	0.0	0.0	13.0	0.0	4.0	4.0	4.0	8.0	0.0	4.0
KLHL15	0.0	0.0	0.0	0.0	0.0	4.0	4.0	4.0	0.0	4.0	0.0	8.0	8.0	4.0	4.0	0.0	0.0	0.0	0.0	0.0
KLHL25	4.0	0.0	8.0	0.0	8.0	4.0	0.0	0.0	0.0	8.0	4.0	0.0	8.0	0.0	0.0	0.0	0.0	0.0	0.0	0.0
KLHL29	0.0	8.0	8.0	4.0	13.0	0.0	0.0	0.0	4.0	0.0	0.0	0.0	13.0	4.0	4.0	0.0	0.0	8.0	0.0	0.0
KNTC1	0.0	8.0	0.0	8.0	26.0	4.0	13.0	0.0	0.0	26.0	0.0	0.0	8.0	0.0	0.0	0.0	0.0	0.0	8.0	0.0
KPNA4	0.0	4.0	0.0	26.0	0.0	4.0	0.0	0.0	0.0	4.0	0.0	4.0	69.0	4.0	17.0	0.0	0.0	0.0	30.0	4.0
KRAS	4.0	0.0	4.0	0.0	0.0	17.0	17.0	0.0	0.0	8.0	34.0	0.0	4.0	8.0	4.0	0.0	0.0	0.0	13.0	0.0
KRBA1	4.0	0.0	4.0	8.0	4.0	0.0	0.0	0.0	0.0	0.0	0.0	0.0	0.0	17.0	4.0	0.0	0.0	0.0	0.0	0.0
KREMEN1	0.0	0.0	13.0	0.0	4.0	0.0	17.0	4.0	8.0	0.0	0.0	4.0	0.0	0.0	0.0	0.0	0.0	0.0	0.0	0.0
LAMA1	21.0	4.0	8.0	17.0	8.0	0.0	26.0	17.0	4.0	4.0	0.0	8.0	0.0	0.0	0.0	4.0	0.0	0.0	8.0	0.0
LARS2	4.0	0.0	0.0	17.0	0.0	0.0	0.0	4.0	0.0	4.0	0.0	0.0	4.0	4.0	0.0	0.0	0.0	0.0	0.0	0.0
LDLR	4.0	13.0	26.0	4.0	0.0	8.0	0.0	4.0	0.0	4.0	0.0	8.0	17.0	8.0	8.0	0.0	0.0	4.0	0.0	17.0
LEMD3	0.0	0.0	0.0	0.0	13.0	4.0	8.0	4.0	0.0	0.0	0.0	0.0	4.0	0.0	0.0	0.0	0.0	4.0	0.0	0.0
LIG3	8.0	0.0	0.0	8.0	4.0	0.0	0.0	0.0	0.0	0.0	4.0	0.0	0.0	0.0	4.0	0.0	4.0	0.0	13.0	17.0
LIG4	0.0	4.0	4.0	4.0	13.0	8.0	0.0	0.0	0.0	4.0	0.0	0.0	4.0	0.0	0.0	0.0	0.0	0.0	8.0	4.0
LINC00641	0.0	4.0	0.0	8.0	13.0	0.0	0.0	0.0	4.0	0.0	0.0	0.0	0.0	4.0	0.0	4.0	0.0	0.0	0.0	8.0
LLGL1	0.0	4.0	0.0	4.0	0.0	0.0	17.0	0.0	4.0	0.0	0.0	0.0	4.0	17.0	0.0	0.0	0.0	0.0	4.0	0.0
LMBRD2	0.0	0.0	0.0	4.0	26.0	4.0	0.0	0.0	4.0	0.0	21.0	0.0	0.0	0.0	4.0	0.0	0.0	0.0	4.0	0.0
LMTK2	4.0	13.0	0.0	0.0	0.0	0.0	39.0	0.0	0.0	0.0	0.0	0.0	4.0	4.0	4.0	0.0	0.0	8.0	8.0	8.0
LNPEP	13.0	4.0	4.0	8.0	17.0	0.0	8.0	0.0	21.0	0.0	0.0	4.0	8.0	0.0	4.0	0.0	4.0	8.0	0.0	0.0
LOXL4	0.0	0.0	4.0	0.0	0.0	4.0	0.0	0.0	4.0	4.0	0.0	0.0	0.0	0.0	0.0	0.0	0.0	0.0	0.0	0.0
LPCAT2	26.0	0.0	8.0	0.0	8.0	0.0	8.0	8.0	0.0	21.0	0.0	0.0	0.0	0.0	0.0	0.0	8.0	0.0	0.0	0.0
LPGAT1	0.0	0.0	8.0	8.0	0.0	0.0	13.0	0.0	0.0	4.0	0.0	0.0	4.0	0.0	0.0	0.0	0.0	0.0	4.0	0.0
LPHN3	0.0	0.0	0.0	4.0	4.0	0.0	13.0	0.0	0.0	0.0	4.0	4.0	8.0	0.0	13.0	4.0	13.0	0.0	0.0	0.0
LPIN1	4.0	0.0	8.0	21.0	13.0	8.0	8.0	4.0	0.0	0.0	0.0	0.0	4.0	26.0	17.0	0.0	13.0	8.0	0.0	4.0
LPIN3	4.0	0.0	8.0	13.0	0.0	4.0	0.0	0.0	0.0	0.0	8.0	8.0	8.0	4.0	4.0	0.0	4.0	8.0	0.0	17.0
LPPR4	4.0	0.0	0.0	8.0	0.0	0.0	0.0	0.0	0.0	0.0	4.0	0.0	0.0	0.0	0.0	0.0	0.0	4.0	0.0	0.0
LRCH2	4.0	0.0	0.0	17.0	4.0	0.0	13.0	0.0	13.0	17.0	0.0	4.0	0.0	13.0	4.0	0.0	0.0	0.0	8.0	8.0
LRIF1	0.0	0.0	0.0	8.0	0.0	4.0	0.0	0.0	21.0	4.0	4.0	0.0	13.0	0.0	0.0	0.0	4.0	0.0	0.0	0.0
LRIG3	13.0	4.0	8.0	8.0	4.0	8.0	0.0	8.0	8.0	4.0	0.0	0.0	8.0	8.0	21.0	8.0	0.0	8.0	4.0	0.0
LRP4	4.0	0.0	0.0	0.0	4.0	0.0	0.0	0.0	0.0	0.0	4.0	0.0	4.0	0.0	0.0	0.0	0.0	0.0	13.0	0.0
LRP5	4.0	0.0	21.0	0.0	0.0	4.0	0.0	4.0	0.0	0.0	0.0	0.0	0.0	0.0	0.0	0.0	0.0	0.0	0.0	0.0
LRRC2	8.0	0.0	4.0	0.0	0.0	0.0	0.0	4.0	0.0	0.0	0.0	0.0	4.0	0.0	13.0	0.0	4.0	0.0	8.0	8.0
LRRC58	0.0	26.0	0.0	0.0	8.0	0.0	0.0	0.0	0.0	0.0	0.0	0.0	4.0	0.0	0.0	0.0	0.0	0.0	0.0	13.0
LRRC8C	0.0	0.0	0.0	0.0	0.0	0.0	0.0	0.0	0.0	8.0	0.0	0.0	0.0	8.0	0.0	0.0	0.0	4.0	0.0	0.0
LRRK1	0.0	0.0	0.0	0.0	8.0	0.0	8.0	0.0	4.0	21.0	0.0	0.0	4.0	0.0	4.0	4.0	21.0	0.0	4.0	0.0
LSM11	0.0	0.0	0.0	4.0	0.0	0.0	0.0	4.0	8.0	0.0	0.0	0.0	0.0	4.0	13.0	0.0	0.0	4.0	0.0	0.0
LSM3	8.0	0.0	4.0	8.0	0.0	0.0	4.0	0.0	0.0	0.0	0.0	0.0	43.0	0.0	0.0	0.0	0.0	0.0	0.0	0.0
LSS	0.0	0.0	0.0	0.0	0.0	0.0	0.0	4.0	0.0	0.0	0.0	0.0	0.0	0.0	0.0	0.0	17.0	0.0	17.0	0.0
LTBP2	0.0	8.0	13.0	48.0	26.0	4.0	34.0	0.0	8.0	4.0	0.0	26.0	4.0	8.0	4.0	0.0	0.0	8.0	13.0	0.0
LUZP1	0.0	21.0	26.0	21.0	8.0	17.0	4.0	4.0	4.0	8.0	0.0	8.0	8.0	0.0	4.0	4.0	0.0	0.0	21.0	4.0
LYRM7	4.0	0.0	4.0	8.0	0.0	0.0	4.0	0.0	0.0	0.0	0.0	0.0	8.0	0.0	4.0	0.0	0.0	0.0	0.0	0.0
MAFG	0.0	0.0	8.0	0.0	0.0	13.0	0.0	4.0	0.0	4.0	0.0	0.0	0.0	0.0	4.0	4.0	0.0	0.0	0.0	4.0
MAGI3	0.0	13.0	0.0	0.0	0.0	8.0	0.0	8.0	4.0	4.0	0.0	8.0	0.0	8.0	13.0	0.0	17.0	0.0	4.0	8.0
MAML2	0.0	0.0	21.0	0.0	17.0	8.0	4.0	17.0	4.0	13.0	0.0	30.0	0.0	0.0	4.0	0.0	0.0	0.0	8.0	0.0
MAN1A2	13.0	0.0	8.0	21.0	17.0	0.0	34.0	13.0	0.0	4.0	8.0	30.0	0.0	0.0	4.0	4.0	0.0	8.0	8.0	0.0
MANEA	0.0	17.0	13.0	0.0	0.0	0.0	0.0	0.0	0.0	8.0	0.0	0.0	0.0	8.0	0.0	0.0	0.0	0.0	8.0	4.0
MAP3K1	0.0	8.0	0.0	4.0	4.0	0.0	17.0	13.0	13.0	13.0	8.0	0.0	0.0	0.0	0.0	0.0	0.0	4.0	0.0	13.0
MAP3K14	4.0	0.0	8.0	0.0	4.0	4.0	0.0	0.0	13.0	0.0	8.0	4.0	0.0	0.0	0.0	4.0	0.0	0.0	0.0	0.0
MAP3K5	0.0	0.0	8.0	0.0	8.0	0.0	8.0	0.0	4.0	0.0	0.0	4.0	30.0	0.0	0.0	0.0	8.0	0.0	8.0	13.0
MAP3K6	4.0	0.0	0.0	4.0	4.0	4.0	0.0	4.0	0.0	0.0	4.0	8.0	0.0	4.0	4.0	0.0	0.0	8.0	0.0	0.0
MAP7D3	0.0	8.0	8.0	0.0	8.0	8.0	4.0	0.0	0.0	0.0	0.0	0.0	0.0	0.0	0.0	0.0	0.0	0.0	0.0	0.0
MAPKBP1	4.0	0.0	4.0	0.0	0.0	0.0	0.0	4.0	0.0	4.0	0.0	0.0	0.0	0.0	26.0	0.0	0.0	0.0	0.0	0.0
MARCH4	4.0	0.0	8.0	4.0	8.0	4.0	8.0	13.0	0.0	13.0	4.0	8.0	8.0	13.0	8.0	0.0	0.0	0.0	48.0	0.0
MAVS	0.0	4.0	26.0	17.0	4.0	0.0	13.0	0.0	17.0	4.0	0.0	0.0	0.0	0.0	13.0	0.0	8.0	8.0	17.0	4.0
MBLAC2	0.0	4.0	0.0	0.0	0.0	0.0	0.0	0.0	0.0	0.0	8.0	4.0	0.0	0.0	4.0	0.0	4.0	0.0	4.0	0.0
MCM2	4.0	0.0	0.0	0.0	17.0	8.0	30.0	0.0	0.0	0.0	0.0	0.0	0.0	0.0	21.0	0.0	0.0	8.0	0.0	0.0
MCM3AP	13.0	0.0	17.0	0.0	0.0	17.0	4.0	0.0	4.0	0.0	8.0	26.0	4.0	4.0	0.0	4.0	0.0	0.0	4.0	0.0
MCM8	8.0	4.0	0.0	4.0	4.0	17.0	0.0	0.0	0.0	30.0	8.0	0.0	4.0	0.0	4.0	0.0	0.0	0.0	4.0	0.0
MCM9	0.0	30.0	8.0	0.0	8.0	0.0	0.0	0.0	0.0	21.0	0.0	0.0	4.0	8.0	0.0	8.0	0.0	4.0	4.0	0.0
MCUR1	13.0	4.0	4.0	0.0	4.0	0.0	0.0	0.0	0.0	8.0	4.0	4.0	8.0	0.0	0.0	0.0	0.0	0.0	0.0	0.0
MDN1	8.0	8.0	0.0	0.0	0.0	4.0	0.0	4.0	0.0	0.0	0.0	0.0	0.0	0.0	0.0	0.0	0.0	0.0	21.0	4.0
MECOM	8.0	8.0	0.0	0.0	4.0	0.0	4.0	0.0	0.0	4.0	4.0	0.0	8.0	0.0	0.0	0.0	0.0	13.0	4.0	0.0
MED1	0.0	4.0	0.0	0.0	4.0	0.0	4.0	4.0	0.0	34.0	4.0	4.0	17.0	0.0	0.0	0.0	0.0	4.0	4.0	0.0
MED14	0.0	0.0	8.0	0.0	13.0	4.0	0.0	0.0	4.0	4.0	8.0	8.0	4.0	4.0	17.0	8.0	13.0	0.0	8.0	13.0
MED15	0.0	0.0	17.0	0.0	0.0	0.0	8.0	0.0	8.0	4.0	4.0	0.0	8.0	4.0	0.0	0.0	0.0	0.0	17.0	0.0
MED23	0.0	13.0	0.0	0.0	0.0	4.0	0.0	4.0	4.0	0.0	0.0	0.0	8.0	0.0	4.0	0.0	0.0	0.0	8.0	0.0
MEGF8	0.0	0.0	0.0	0.0	0.0	4.0	8.0	0.0	0.0	4.0	0.0	0.0	4.0	4.0	4.0	0.0	0.0	0.0	0.0	0.0
MEGF9	8.0	0.0	4.0	0.0	4.0	0.0	0.0	4.0	0.0	0.0	8.0	0.0	0.0	0.0	4.0	0.0	8.0	8.0	0.0	0.0
MEX3A	0.0	4.0	4.0	0.0	0.0	8.0	0.0	4.0	0.0	0.0	0.0	0.0	0.0	8.0	4.0	0.0	0.0	0.0	13.0	8.0
MIB1	8.0	8.0	17.0	17.0	0.0	8.0	0.0	4.0	8.0	13.0	8.0	0.0	4.0	17.0	0.0	0.0	17.0	0.0	0.0	0.0
MICAL1	8.0	0.0	8.0	13.0	0.0	4.0	4.0	4.0	0.0	0.0	0.0	8.0	30.0	0.0	0.0	0.0	0.0	21.0	4.0	13.0
MKI67	21.0	48.0	4.0	4.0	69.0	4.0	4.0	4.0	0.0	13.0	4.0	0.0	8.0	0.0	0.0	30.0	0.0	8.0	8.0	13.0
MKL2	0.0	0.0	0.0	4.0	0.0	13.0	4.0	0.0	0.0	0.0	0.0	0.0	4.0	0.0	0.0	0.0	0.0	0.0	0.0	0.0
MLLT11	0.0	0.0	0.0	8.0	0.0	0.0	26.0	0.0	13.0	4.0	4.0	0.0	4.0	4.0	4.0	4.0	4.0	8.0	8.0	4.0
MLLT4	0.0	8.0	0.0	13.0	13.0	4.0	8.0	0.0	8.0	0.0	13.0	4.0	8.0	8.0	0.0	0.0	0.0	0.0	0.0	0.0
MLLT6	4.0	0.0	8.0	13.0	17.0	0.0	0.0	0.0	0.0	17.0	0.0	0.0	4.0	0.0	0.0	0.0	4.0	0.0	13.0	13.0
MMGT1	4.0	4.0	0.0	4.0	8.0	0.0	8.0	0.0	8.0	8.0	0.0	0.0	0.0	4.0	13.0	0.0	0.0	0.0	0.0	4.0
MOK	17.0	0.0	4.0	4.0	0.0	0.0	0.0	0.0	0.0	0.0	0.0	0.0	0.0	8.0	0.0	0.0	4.0	4.0	0.0	0.0
MON2	4.0	13.0	13.0	8.0	17.0	4.0	13.0	0.0	0.0	8.0	0.0	0.0	4.0	4.0	4.0	0.0	4.0	4.0	4.0	0.0
MORC2	0.0	0.0	0.0	8.0	13.0	17.0	8.0	0.0	0.0	4.0	8.0	8.0	0.0	0.0	4.0	0.0	13.0	0.0	8.0	4.0
MORC3	30.0	8.0	0.0	8.0	13.0	0.0	21.0	0.0	4.0	8.0	4.0	8.0	0.0	0.0	0.0	4.0	0.0	17.0	4.0	4.0
MPDZ	0.0	0.0	0.0	0.0	13.0	4.0	13.0	4.0	0.0	21.0	8.0	0.0	4.0	0.0	13.0	0.0	17.0	0.0	17.0	0.0
MPP5	4.0	4.0	0.0	4.0	4.0	4.0	26.0	0.0	4.0	8.0	0.0	0.0	8.0	8.0	0.0	4.0	0.0	0.0	0.0	4.0
MRAS	4.0	0.0	0.0	8.0	17.0	0.0	0.0	0.0	0.0	8.0	4.0	0.0	4.0	0.0	0.0	0.0	0.0	0.0	0.0	0.0
MSH3	13.0	4.0	0.0	0.0	4.0	0.0	4.0	0.0	13.0	21.0	0.0	4.0	0.0	8.0	0.0	0.0	0.0	0.0	0.0	8.0
MTF1	8.0	4.0	0.0	0.0	8.0	4.0	8.0	4.0	0.0	0.0	0.0	0.0	0.0	4.0	0.0	4.0	0.0	0.0	0.0	0.0
MTHFR	21.0	0.0	13.0	8.0	13.0	0.0	0.0	0.0	0.0	4.0	0.0	0.0	0.0	4.0	0.0	0.0	8.0	0.0	0.0	4.0
MTMR4	13.0	0.0	0.0	0.0	0.0	13.0	0.0	8.0	4.0	4.0	0.0	0.0	4.0	13.0	0.0	0.0	0.0	4.0	4.0	4.0
MTR	0.0	17.0	0.0	4.0	8.0	0.0	0.0	8.0	0.0	4.0	13.0	17.0	0.0	8.0	0.0	0.0	0.0	0.0	0.0	17.0
MUT	0.0	0.0	0.0	13.0	0.0	0.0	4.0	0.0	0.0	4.0	17.0	0.0	21.0	0.0	4.0	4.0	0.0	4.0	4.0	0.0
MYBBP1A	13.0	0.0	0.0	4.0	8.0	39.0	17.0	13.0	4.0	8.0	0.0	8.0	17.0	0.0	8.0	0.0	8.0	13.0	21.0	4.0
MYCBP2	13.0	17.0	0.0	0.0	0.0	0.0	21.0	17.0	0.0	4.0	8.0	4.0	21.0	0.0	17.0	0.0	4.0	0.0	0.0	8.0
MYPN	0.0	0.0	4.0	4.0	4.0	8.0	0.0	8.0	0.0	4.0	0.0	0.0	4.0	8.0	21.0	0.0	0.0	0.0	0.0	0.0
N6AMT1	0.0	8.0	8.0	4.0	8.0	8.0	0.0	0.0	0.0	4.0	0.0	4.0	0.0	0.0	0.0	0.0	0.0	0.0	26.0	8.0
NACC2	0.0	0.0	0.0	0.0	0.0	0.0	4.0	0.0	0.0	0.0	0.0	0.0	0.0	4.0	0.0	0.0	4.0	0.0	4.0	8.0
NAPEPLD	0.0	8.0	0.0	0.0	8.0	0.0	8.0	0.0	0.0	0.0	0.0	0.0	8.0	0.0	0.0	0.0	0.0	0.0	4.0	4.0
NAV1	8.0	21.0	21.0	0.0	4.0	8.0	39.0	0.0	4.0	17.0	13.0	4.0	13.0	0.0	0.0	0.0	26.0	4.0	21.0	0.0
NCAPD3	13.0	0.0	13.0	0.0	0.0	0.0	26.0	0.0	0.0	0.0	4.0	4.0	0.0	0.0	0.0	0.0	0.0	0.0	0.0	4.0
NCKAP5L	4.0	0.0	0.0	4.0	0.0	0.0	4.0	17.0	0.0	4.0	0.0	4.0	0.0	0.0	0.0	0.0	0.0	0.0	0.0	8.0
NCOA1	4.0	8.0	4.0	17.0	0.0	8.0	8.0	4.0	8.0	17.0	4.0	0.0	4.0	4.0	0.0	0.0	0.0	8.0	0.0	8.0
NCOA3	13.0	4.0	4.0	0.0	4.0	8.0	4.0	4.0	4.0	0.0	0.0	4.0	4.0	4.0	0.0	4.0	0.0	0.0	0.0	4.0
NCOA6	0.0	0.0	4.0	8.0	8.0	8.0	0.0	4.0	30.0	21.0	0.0	0.0	4.0	4.0	8.0	4.0	4.0	0.0	4.0	4.0
NCR3LG1	0.0	13.0	4.0	0.0	0.0	4.0	8.0	0.0	4.0	4.0	8.0	0.0	0.0	0.0	0.0	0.0	0.0	4.0	0.0	0.0
NEDD9	0.0	0.0	0.0	0.0	0.0	0.0	0.0	8.0	0.0	8.0	4.0	0.0	4.0	4.0	0.0	0.0	4.0	8.0	0.0	0.0
NEK1	0.0	0.0	0.0	0.0	4.0	0.0	4.0	0.0	0.0	0.0	0.0	0.0	8.0	4.0	0.0	0.0	0.0	0.0	4.0	0.0
NES	0.0	0.0	0.0	21.0	8.0	21.0	0.0	0.0	0.0	13.0	4.0	4.0	0.0	4.0	0.0	13.0	8.0	4.0	0.0	4.0
NF1	0.0	13.0	0.0	8.0	4.0	0.0	0.0	13.0	4.0	4.0	0.0	17.0	8.0	4.0	4.0	4.0	4.0	8.0	0.0	0.0
NFAT5	0.0	4.0	0.0	26.0	4.0	4.0	4.0	4.0	8.0	26.0	8.0	30.0	21.0	21.0	26.0	0.0	26.0	4.0	0.0	13.0
NFX1	0.0	0.0	8.0	4.0	0.0	4.0	0.0	0.0	8.0	8.0	4.0	13.0	17.0	0.0	0.0	0.0	4.0	0.0	0.0	13.0
NHLRC2	0.0	4.0	4.0	0.0	0.0	4.0	0.0	0.0	0.0	0.0	4.0	0.0	8.0	0.0	17.0	0.0	0.0	0.0	4.0	0.0
NINL	0.0	0.0	0.0	0.0	0.0	0.0	0.0	0.0	4.0	0.0	0.0	0.0	4.0	0.0	0.0	0.0	0.0	4.0	0.0	0.0
NIPAL2	0.0	8.0	0.0	0.0	17.0	0.0	0.0	0.0	8.0	0.0	0.0	0.0	0.0	13.0	0.0	0.0	0.0	0.0	4.0	0.0
NLRX1	4.0	0.0	17.0	4.0	0.0	0.0	8.0	13.0	0.0	0.0	0.0	0.0	0.0	0.0	4.0	0.0	4.0	4.0	4.0	4.0
NOL6	0.0	26.0	8.0	4.0	4.0	13.0	0.0	0.0	0.0	0.0	8.0	8.0	4.0	0.0	0.0	0.0	0.0	8.0	4.0	0.0
NOL9	0.0	4.0	13.0	17.0	0.0	0.0	4.0	4.0	0.0	8.0	0.0	0.0	17.0	0.0	0.0	0.0	8.0	4.0	0.0	0.0
NOM1	0.0	13.0	0.0	4.0	4.0	8.0	0.0	0.0	0.0	0.0	4.0	8.0	0.0	0.0	13.0	4.0	0.0	8.0	0.0	17.0
NOTCH1	4.0	8.0	4.0	4.0	13.0	4.0	13.0	0.0	0.0	4.0	0.0	8.0	0.0	17.0	13.0	0.0	4.0	0.0	4.0	0.0
NOTCH2	13.0	0.0	8.0	13.0	0.0	0.0	4.0	8.0	30.0	4.0	0.0	0.0	0.0	4.0	13.0	0.0	4.0	8.0	4.0	0.0
NOTCH3	21.0	0.0	0.0	0.0	4.0	0.0	0.0	8.0	13.0	0.0	8.0	0.0	0.0	0.0	0.0	0.0	8.0	0.0	0.0	0.0
NPAT	4.0	0.0	0.0	17.0	0.0	0.0	0.0	0.0	0.0	0.0	0.0	0.0	8.0	8.0	0.0	0.0	0.0	4.0	0.0	4.0
NPC1	8.0	4.0	8.0	4.0	21.0	4.0	4.0	13.0	0.0	4.0	0.0	21.0	13.0	4.0	4.0	13.0	4.0	8.0	8.0	13.0
NPR2	0.0	0.0	8.0	21.0	17.0	0.0	4.0	4.0	0.0	17.0	0.0	8.0	4.0	8.0	13.0	0.0	0.0	0.0	8.0	4.0
NRDE2	0.0	0.0	0.0	34.0	30.0	8.0	8.0	13.0	0.0	4.0	0.0	0.0	0.0	0.0	0.0	4.0	0.0	4.0	4.0	0.0
NRIP1	4.0	0.0	8.0	0.0	4.0	0.0	4.0	4.0	4.0	0.0	0.0	4.0	4.0	0.0	13.0	13.0	4.0	0.0	0.0	4.0
NRIP3	4.0	17.0	13.0	4.0	26.0	4.0	0.0	0.0	0.0	0.0	8.0	0.0	0.0	13.0	13.0	0.0	0.0	4.0	0.0	0.0
NSD1	0.0	0.0	0.0	0.0	0.0	0.0	0.0	0.0	0.0	0.0	13.0	4.0	0.0	4.0	0.0	4.0	0.0	0.0	0.0	4.0
NSMAF	13.0	13.0	8.0	4.0	0.0	8.0	0.0	0.0	0.0	30.0	0.0	26.0	8.0	4.0	0.0	0.0	4.0	4.0	13.0	0.0
NUAK1	8.0	4.0	4.0	0.0	0.0	4.0	4.0	4.0	0.0	8.0	4.0	8.0	0.0	0.0	0.0	4.0	0.0	8.0	0.0	0.0
NUDT16	0.0	0.0	0.0	4.0	0.0	0.0	26.0	8.0	4.0	0.0	0.0	0.0	4.0	8.0	4.0	0.0	8.0	8.0	0.0	0.0
NUDT3	0.0	0.0	0.0	0.0	0.0	0.0	13.0	4.0	0.0	8.0	8.0	13.0	17.0	8.0	0.0	0.0	0.0	0.0	0.0	0.0
NUFIP2	0.0	4.0	4.0	0.0	0.0	4.0	0.0	26.0	0.0	8.0	0.0	4.0	0.0	0.0	21.0	0.0	13.0	8.0	48.0	8.0
NUMA1	17.0	4.0	4.0	0.0	0.0	8.0	0.0	26.0	4.0	21.0	8.0	0.0	8.0	4.0	17.0	0.0	4.0	0.0	0.0	4.0
NUP133	4.0	4.0	8.0	0.0	17.0	0.0	17.0	13.0	0.0	4.0	13.0	4.0	43.0	8.0	8.0	0.0	0.0	0.0	13.0	4.0
NUP153	8.0	21.0	0.0	8.0	8.0	21.0	0.0	0.0	4.0	4.0	0.0	0.0	0.0	0.0	13.0	4.0	8.0	0.0	0.0	0.0
NUP155	0.0	8.0	0.0	8.0	4.0	0.0	0.0	4.0	4.0	4.0	4.0	8.0	0.0	4.0	0.0	0.0	4.0	4.0	0.0	0.0
NUP205	0.0	4.0	0.0	4.0	4.0	0.0	0.0	0.0	4.0	0.0	4.0	0.0	13.0	4.0	0.0	0.0	8.0	13.0	4.0	26.0
NUP214	4.0	0.0	4.0	0.0	0.0	17.0	17.0	0.0	8.0	0.0	0.0	4.0	0.0	0.0	0.0	0.0	0.0	4.0	0.0	0.0
NUP98	17.0	4.0	0.0	26.0	17.0	8.0	4.0	0.0	13.0	4.0	13.0	8.0	4.0	0.0	13.0	13.0	4.0	0.0	0.0	0.0
OFD1	0.0	0.0	13.0	0.0	0.0	8.0	0.0	0.0	0.0	4.0	4.0	0.0	8.0	0.0	0.0	0.0	0.0	0.0	0.0	4.0
ORC2	0.0	0.0	0.0	4.0	0.0	0.0	0.0	4.0	0.0	4.0	0.0	0.0	0.0	4.0	0.0	0.0	0.0	0.0	8.0	4.0
OSBPL2	0.0	4.0	4.0	4.0	13.0	13.0	0.0	8.0	0.0	4.0	13.0	8.0	8.0	0.0	0.0	0.0	4.0	0.0	8.0	0.0
OSBPL5	4.0	8.0	0.0	4.0	0.0	8.0	13.0	0.0	4.0	0.0	0.0	8.0	0.0	8.0	0.0	0.0	0.0	4.0	0.0	13.0
OSBPL6	0.0	0.0	0.0	4.0	4.0	0.0	0.0	0.0	0.0	0.0	0.0	13.0	4.0	8.0	8.0	0.0	0.0	0.0	0.0	0.0
OTUD3	0.0	8.0	0.0	13.0	0.0	8.0	0.0	0.0	4.0	8.0	0.0	13.0	0.0	0.0	8.0	0.0	4.0	17.0	0.0	4.0
OXTR	13.0	4.0	4.0	0.0	8.0	0.0	0.0	0.0	0.0	0.0	4.0	4.0	0.0	0.0	0.0	4.0	0.0	0.0	4.0	0.0
PAPD7	8.0	26.0	0.0	4.0	0.0	0.0	17.0	0.0	0.0	0.0	8.0	4.0	4.0	0.0	0.0	8.0	0.0	0.0	21.0	8.0
PAPOLG	0.0	13.0	0.0	26.0	8.0	0.0	0.0	0.0	0.0	0.0	0.0	0.0	0.0	0.0	0.0	0.0	0.0	17.0	4.0	0.0
PARP14	13.0	0.0	13.0	13.0	4.0	0.0	17.0	13.0	8.0	4.0	4.0	0.0	13.0	4.0	4.0	0.0	4.0	0.0	0.0	0.0
PAXIP1	17.0	0.0	8.0	0.0	0.0	21.0	13.0	4.0	8.0	4.0	0.0	0.0	8.0	0.0	0.0	0.0	4.0	0.0	4.0	8.0
PCMTD2	4.0	0.0	0.0	13.0	0.0	0.0	8.0	8.0	0.0	4.0	13.0	4.0	30.0	0.0	0.0	0.0	4.0	0.0	4.0	0.0
PCNX	13.0	17.0	34.0	0.0	0.0	0.0	0.0	0.0	8.0	0.0	0.0	8.0	0.0	0.0	13.0	8.0	0.0	0.0	17.0	0.0
PCNXL3	13.0	21.0	0.0	4.0	0.0	0.0	13.0	0.0	0.0	0.0	0.0	4.0	30.0	0.0	0.0	0.0	4.0	4.0	4.0	0.0
PDCD11	13.0	0.0	0.0	0.0	13.0	13.0	4.0	0.0	8.0	0.0	0.0	0.0	4.0	0.0	0.0	0.0	4.0	0.0	0.0	0.0
PDE10A	0.0	4.0	0.0	4.0	0.0	0.0	8.0	0.0	26.0	0.0	0.0	0.0	8.0	0.0	0.0	0.0	0.0	0.0	0.0	0.0
PDE7B	0.0	17.0	0.0	4.0	13.0	17.0	0.0	0.0	0.0	21.0	0.0	0.0	0.0	4.0	0.0	4.0	17.0	8.0	0.0	0.0
PDGFD	0.0	4.0	17.0	0.0	13.0	4.0	17.0	4.0	8.0	17.0	4.0	0.0	0.0	0.0	0.0	0.0	30.0	0.0	0.0	0.0
PDPK1	0.0	0.0	13.0	17.0	0.0	30.0	0.0	21.0	0.0	4.0	4.0	0.0	4.0	4.0	4.0	0.0	4.0	0.0	8.0	0.0
PDS5A	4.0	8.0	17.0	4.0	4.0	21.0	8.0	30.0	0.0	26.0	8.0	0.0	30.0	4.0	4.0	0.0	17.0	0.0	4.0	0.0
PDS5B	0.0	13.0	4.0	21.0	13.0	8.0	8.0	0.0	0.0	0.0	26.0	4.0	0.0	0.0	0.0	0.0	0.0	0.0	0.0	21.0
PER3	4.0	4.0	21.0	0.0	0.0	0.0	13.0	0.0	0.0	17.0	0.0	0.0	4.0	0.0	8.0	0.0	0.0	0.0	0.0	0.0
PEX1	0.0	17.0	4.0	0.0	0.0	0.0	0.0	0.0	0.0	8.0	0.0	0.0	0.0	4.0	0.0	8.0	0.0	0.0	0.0	13.0
PHF13	4.0	0.0	17.0	4.0	0.0	4.0	0.0	0.0	0.0	4.0	0.0	0.0	0.0	17.0	8.0	0.0	4.0	0.0	0.0	4.0
PHF16	4.0	0.0	0.0	8.0	0.0	21.0	13.0	8.0	30.0	0.0	0.0	4.0	4.0	8.0	4.0	0.0	4.0	0.0	8.0	0.0
PHF2	4.0	0.0	8.0	0.0	4.0	0.0	0.0	0.0	0.0	17.0	0.0	0.0	4.0	0.0	0.0	0.0	4.0	0.0	0.0	0.0
PHF20	21.0	8.0	4.0	0.0	8.0	43.0	13.0	4.0	4.0	17.0	13.0	4.0	0.0	0.0	0.0	0.0	0.0	0.0	4.0	0.0
PHKA1	0.0	0.0	0.0	0.0	0.0	0.0	13.0	4.0	13.0	0.0	13.0	0.0	0.0	0.0	0.0	0.0	0.0	0.0	0.0	0.0
PHKA2	0.0	4.0	4.0	0.0	0.0	0.0	0.0	0.0	0.0	8.0	0.0	0.0	0.0	0.0	4.0	0.0	4.0	4.0	4.0	8.0
PHLPP1	0.0	0.0	0.0	0.0	8.0	0.0	0.0	0.0	8.0	0.0	4.0	0.0	0.0	4.0	0.0	8.0	0.0	0.0	8.0	0.0
PHLPP2	0.0	17.0	4.0	0.0	0.0	0.0	4.0	8.0	4.0	13.0	8.0	0.0	0.0	8.0	0.0	0.0	0.0	0.0	8.0	0.0
PHRF1	0.0	8.0	0.0	21.0	17.0	13.0	21.0	0.0	8.0	8.0	0.0	0.0	0.0	0.0	0.0	0.0	0.0	8.0	0.0	0.0
PI4KA	8.0	0.0	4.0	8.0	0.0	4.0	0.0	4.0	26.0	8.0	8.0	13.0	0.0	8.0	4.0	0.0	34.0	0.0	52.0	13.0
PIGM	0.0	0.0	0.0	8.0	4.0	0.0	0.0	4.0	0.0	0.0	0.0	0.0	0.0	0.0	0.0	0.0	0.0	0.0	0.0	0.0
PIK3CA	0.0	0.0	13.0	8.0	4.0	13.0	8.0	8.0	8.0	34.0	0.0	8.0	0.0	4.0	0.0	0.0	8.0	0.0	0.0	4.0
PIK3CD	0.0	0.0	4.0	4.0	4.0	0.0	0.0	0.0	0.0	8.0	0.0	0.0	13.0	0.0	0.0	0.0	4.0	0.0	0.0	0.0
PIK3R1	4.0	0.0	8.0	0.0	8.0	8.0	0.0	4.0	0.0	0.0	0.0	0.0	8.0	13.0	4.0	4.0	0.0	8.0	0.0	0.0
PIK3R3	4.0	8.0	17.0	4.0	0.0	0.0	0.0	0.0	8.0	4.0	4.0	4.0	4.0	4.0	0.0	8.0	8.0	0.0	0.0	0.0
PIKFYVE	0.0	0.0	0.0	4.0	8.0	0.0	4.0	0.0	13.0	8.0	0.0	0.0	0.0	0.0	4.0	0.0	0.0	0.0	0.0	13.0
PINK1-AS	13.0	13.0	8.0	0.0	17.0	13.0	0.0	0.0	8.0	0.0	0.0	13.0	8.0	0.0	4.0	0.0	0.0	0.0	4.0	0.0
PLCB3	4.0	13.0	0.0	8.0	0.0	4.0	0.0	4.0	8.0	4.0	0.0	0.0	17.0	17.0	0.0	0.0	4.0	0.0	13.0	8.0
PLCL2	8.0	0.0	4.0	0.0	4.0	0.0	4.0	4.0	4.0	8.0	0.0	0.0	13.0	4.0	0.0	0.0	8.0	0.0	8.0	0.0
PLD2	0.0	0.0	0.0	0.0	4.0	4.0	4.0	4.0	26.0	8.0	0.0	0.0	0.0	13.0	0.0	0.0	0.0	4.0	4.0	0.0
PLEKHG3	0.0	0.0	0.0	4.0	8.0	21.0	13.0	0.0	4.0	0.0	0.0	4.0	0.0	0.0	8.0	0.0	0.0	4.0	4.0	0.0
PLXNA1	21.0	0.0	17.0	4.0	4.0	0.0	30.0	26.0	0.0	26.0	0.0	0.0	26.0	0.0	0.0	0.0	0.0	0.0	0.0	0.0
PLXNA3	8.0	0.0	0.0	4.0	8.0	4.0	13.0	8.0	4.0	21.0	0.0	4.0	4.0	0.0	8.0	17.0	0.0	0.0	0.0	0.0
POGZ	0.0	8.0	4.0	8.0	4.0	0.0	4.0	4.0	0.0	13.0	4.0	8.0	4.0	0.0	8.0	0.0	17.0	0.0	0.0	0.0
POLD3	0.0	4.0	4.0	34.0	0.0	8.0	8.0	0.0	0.0	0.0	0.0	4.0	8.0	4.0	4.0	0.0	0.0	8.0	13.0	0.0
POLG	30.0	0.0	0.0	13.0	4.0	17.0	0.0	13.0	17.0	21.0	4.0	0.0	4.0	0.0	4.0	0.0	0.0	0.0	8.0	4.0
POLQ	0.0	8.0	4.0	4.0	0.0	0.0	17.0	4.0	0.0	0.0	0.0	0.0	26.0	4.0	4.0	0.0	0.0	0.0	0.0	0.0
POLR1A	0.0	17.0	8.0	0.0	8.0	4.0	13.0	0.0	4.0	13.0	0.0	8.0	17.0	0.0	0.0	4.0	0.0	0.0	4.0	4.0
POLR3A	0.0	0.0	17.0	0.0	0.0	4.0	0.0	13.0	8.0	0.0	0.0	4.0	0.0	8.0	0.0	0.0	8.0	0.0	4.0	0.0
POLR3B	4.0	0.0	0.0	0.0	13.0	0.0	0.0	4.0	0.0	0.0	0.0	13.0	4.0	0.0	0.0	0.0	0.0	17.0	0.0	0.0
POMT2	0.0	4.0	17.0	13.0	8.0	4.0	0.0	13.0	0.0	0.0	13.0	8.0	8.0	4.0	8.0	0.0	0.0	0.0	0.0	4.0
PPRC1	0.0	0.0	0.0	13.0	8.0	4.0	26.0	4.0	4.0	0.0	8.0	13.0	0.0	0.0	0.0	0.0	0.0	4.0	0.0	0.0
PRDM15	0.0	4.0	13.0	0.0	4.0	0.0	4.0	0.0	4.0	0.0	8.0	0.0	4.0	0.0	0.0	0.0	4.0	4.0	4.0	4.0
PRDM2	8.0	0.0	13.0	17.0	17.0	0.0	4.0	8.0	4.0	13.0	0.0	0.0	0.0	0.0	4.0	4.0	0.0	0.0	13.0	0.0
PRDM4	8.0	8.0	0.0	4.0	4.0	13.0	0.0	4.0	0.0	4.0	0.0	0.0	13.0	0.0	0.0	4.0	0.0	4.0	0.0	8.0
PRKAB2	4.0	0.0	4.0	8.0	0.0	0.0	0.0	8.0	8.0	13.0	4.0	4.0	0.0	4.0	4.0	0.0	34.0	0.0	8.0	0.0
PRKCA	4.0	0.0	0.0	4.0	4.0	0.0	8.0	13.0	4.0	17.0	0.0	0.0	0.0	8.0	8.0	0.0	4.0	0.0	4.0	0.0
PRKD1	26.0	0.0	0.0	8.0	0.0	0.0	4.0	8.0	0.0	17.0	4.0	0.0	0.0	0.0	0.0	0.0	0.0	8.0	30.0	4.0
PRKDC	21.0	21.0	8.0	13.0	0.0	34.0	91.0	13.0	4.0	26.0	8.0	4.0	65.0	4.0	0.0	0.0	0.0	0.0	39.0	4.0
PRMT10	0.0	0.0	0.0	0.0	0.0	17.0	0.0	0.0	0.0	0.0	0.0	0.0	0.0	0.0	0.0	0.0	0.0	0.0	0.0	26.0
PRPF8	0.0	8.0	13.0	21.0	21.0	61.0	13.0	0.0	0.0	34.0	21.0	21.0	39.0	0.0	0.0	17.0	4.0	8.0	26.0	30.0
PRRC2B	0.0	8.0	0.0	0.0	13.0	17.0	13.0	0.0	0.0	13.0	4.0	0.0	8.0	8.0	0.0	0.0	0.0	0.0	8.0	0.0
PTGFR	0.0	0.0	0.0	0.0	21.0	4.0	0.0	0.0	4.0	8.0	0.0	0.0	4.0	0.0	8.0	0.0	0.0	0.0	13.0	0.0
PTPLAD2	4.0	0.0	0.0	8.0	0.0	0.0	0.0	4.0	0.0	4.0	0.0	4.0	30.0	0.0	4.0	0.0	0.0	0.0	0.0	4.0
PTPN14	0.0	0.0	8.0	0.0	13.0	0.0	4.0	0.0	4.0	4.0	8.0	0.0	4.0	0.0	17.0	0.0	0.0	0.0	0.0	0.0
PTPN23	34.0	0.0	0.0	4.0	0.0	13.0	4.0	0.0	0.0	8.0	0.0	30.0	0.0	13.0	4.0	8.0	4.0	0.0	4.0	0.0
PTPRU	0.0	0.0	4.0	0.0	0.0	0.0	8.0	0.0	0.0	4.0	13.0	0.0	0.0	4.0	0.0	0.0	4.0	0.0	0.0	0.0
QRICH2	0.0	0.0	8.0	4.0	0.0	0.0	8.0	4.0	0.0	13.0	4.0	0.0	26.0	4.0	0.0	0.0	4.0	0.0	0.0	0.0
QSER1	4.0	0.0	17.0	8.0	4.0	0.0	8.0	4.0	0.0	0.0	0.0	0.0	4.0	4.0	4.0	8.0	0.0	4.0	0.0	0.0
QTRTD1	21.0	0.0	4.0	0.0	0.0	4.0	4.0	0.0	0.0	0.0	0.0	0.0	8.0	8.0	21.0	0.0	4.0	0.0	4.0	4.0
RAB22A	0.0	4.0	0.0	13.0	4.0	4.0	0.0	0.0	13.0	0.0	4.0	0.0	8.0	0.0	0.0	0.0	0.0	0.0	4.0	0.0
RAB3B	26.0	0.0	4.0	4.0	0.0	4.0	4.0	17.0	4.0	4.0	0.0	0.0	4.0	4.0	0.0	0.0	13.0	0.0	4.0	0.0
RAD54L2	0.0	0.0	0.0	13.0	0.0	4.0	0.0	4.0	0.0	0.0	4.0	13.0	8.0	0.0	8.0	8.0	0.0	0.0	4.0	4.0
RAI1	4.0	0.0	0.0	4.0	4.0	0.0	0.0	4.0	0.0	8.0	0.0	0.0	0.0	8.0	0.0	0.0	0.0	0.0	4.0	4.0
RALGAPA1P	4.0	0.0	0.0	4.0	4.0	0.0	0.0	0.0	0.0	0.0	0.0	0.0	4.0	0.0	0.0	0.0	0.0	0.0	4.0	0.0
RALGAPA2	0.0	0.0	4.0	17.0	4.0	4.0	4.0	0.0	0.0	0.0	0.0	4.0	4.0	0.0	0.0	0.0	4.0	0.0	0.0	4.0
RAP1GAP2	0.0	4.0	13.0	0.0	0.0	0.0	4.0	8.0	4.0	0.0	0.0	8.0	0.0	8.0	17.0	0.0	0.0	0.0	0.0	0.0
RAP2B	0.0	0.0	0.0	13.0	0.0	0.0	0.0	0.0	0.0	13.0	8.0	0.0	0.0	0.0	4.0	0.0	0.0	0.0	0.0	4.0
RAPGEF1	0.0	0.0	0.0	4.0	0.0	8.0	17.0	8.0	8.0	4.0	4.0	0.0	0.0	4.0	8.0	4.0	0.0	0.0	0.0	0.0
RAPGEF6	0.0	13.0	0.0	0.0	0.0	0.0	0.0	0.0	4.0	17.0	4.0	0.0	13.0	0.0	0.0	0.0	0.0	0.0	4.0	0.0
RASAL2	0.0	0.0	0.0	0.0	26.0	0.0	4.0	0.0	0.0	4.0	8.0	0.0	4.0	0.0	0.0	0.0	0.0	0.0	0.0	0.0
RASGRF2	4.0	13.0	4.0	0.0	0.0	8.0	0.0	0.0	8.0	13.0	0.0	0.0	0.0	0.0	0.0	0.0	13.0	0.0	0.0	13.0
RBM12B	0.0	0.0	4.0	0.0	0.0	4.0	4.0	4.0	0.0	0.0	0.0	0.0	0.0	0.0	0.0	0.0	0.0	0.0	0.0	0.0
RBM19	30.0	8.0	0.0	0.0	4.0	0.0	4.0	0.0	4.0	17.0	0.0	0.0	8.0	13.0	0.0	0.0	4.0	0.0	0.0	8.0
RBM26	4.0	0.0	0.0	8.0	13.0	0.0	8.0	8.0	13.0	0.0	0.0	8.0	0.0	8.0	0.0	0.0	4.0	0.0	8.0	0.0
RC3H1	13.0	0.0	0.0	8.0	0.0	4.0	0.0	0.0	4.0	4.0	4.0	8.0	4.0	0.0	8.0	0.0	0.0	0.0	4.0	13.0
RCAN3	13.0	0.0	13.0	13.0	0.0	0.0	0.0	0.0	0.0	8.0	0.0	4.0	0.0	0.0	0.0	0.0	0.0	0.0	0.0	0.0
RCOR1	13.0	13.0	0.0	8.0	0.0	4.0	4.0	0.0	0.0	8.0	0.0	8.0	0.0	4.0	4.0	0.0	4.0	0.0	0.0	4.0
RELN	34.0	0.0	4.0	4.0	4.0	0.0	4.0	4.0	13.0	0.0	0.0	8.0	8.0	0.0	0.0	0.0	0.0	0.0	0.0	8.0
REST	13.0	8.0	0.0	0.0	4.0	8.0	21.0	0.0	0.0	17.0	4.0	0.0	13.0	0.0	4.0	4.0	0.0	0.0	8.0	4.0
REV1	4.0	13.0	8.0	0.0	0.0	0.0	4.0	4.0	0.0	8.0	4.0	4.0	0.0	8.0	4.0	0.0	4.0	0.0	21.0	17.0
REV3L	8.0	4.0	0.0	0.0	0.0	8.0	4.0	21.0	0.0	0.0	0.0	0.0	26.0	4.0	0.0	0.0	0.0	0.0	0.0	0.0
RFX5	8.0	4.0	0.0	13.0	8.0	0.0	26.0	4.0	0.0	13.0	4.0	26.0	4.0	4.0	0.0	4.0	4.0	0.0	13.0	0.0
RFX7	4.0	0.0	0.0	26.0	8.0	0.0	8.0	13.0	0.0	8.0	0.0	8.0	8.0	0.0	4.0	0.0	4.0	8.0	0.0	0.0
RHOBTB1	0.0	0.0	13.0	17.0	0.0	4.0	0.0	0.0	21.0	34.0	8.0	4.0	0.0	0.0	4.0	0.0	0.0	13.0	4.0	0.0
RHOBTB2	0.0	4.0	13.0	4.0	0.0	13.0	4.0	4.0	0.0	4.0	0.0	4.0	0.0	0.0	0.0	0.0	0.0	0.0	0.0	8.0
RIPK1	0.0	4.0	4.0	8.0	0.0	8.0	0.0	0.0	0.0	0.0	0.0	8.0	0.0	13.0	0.0	0.0	4.0	21.0	0.0	0.0
RMND5A	17.0	0.0	4.0	8.0	0.0	0.0	8.0	0.0	0.0	0.0	0.0	0.0	0.0	8.0	4.0	0.0	0.0	21.0	8.0	0.0
RNASEL	21.0	0.0	0.0	4.0	0.0	0.0	8.0	0.0	4.0	0.0	8.0	0.0	0.0	0.0	8.0	0.0	0.0	0.0	0.0	0.0
RNF123	4.0	0.0	0.0	0.0	0.0	0.0	0.0	0.0	0.0	0.0	17.0	0.0	8.0	13.0	4.0	0.0	0.0	0.0	0.0	4.0
RNF169	0.0	4.0	0.0	4.0	4.0	0.0	0.0	0.0	0.0	0.0	0.0	8.0	0.0	4.0	13.0	0.0	0.0	4.0	0.0	0.0
RNF213	4.0	4.0	4.0	13.0	21.0	4.0	17.0	0.0	0.0	0.0	4.0	4.0	0.0	8.0	4.0	4.0	4.0	0.0	0.0	8.0
RNMT	0.0	0.0	4.0	4.0	0.0	8.0	0.0	0.0	0.0	8.0	0.0	0.0	13.0	8.0	0.0	4.0	0.0	4.0	4.0	0.0
ROCK2	4.0	4.0	30.0	0.0	8.0	13.0	0.0	0.0	0.0	17.0	30.0	8.0	0.0	13.0	4.0	4.0	17.0	0.0	8.0	4.0
RP11-121C2.2	0.0	0.0	0.0	13.0	0.0	8.0	0.0	0.0	0.0	0.0	4.0	0.0	0.0	4.0	0.0	0.0	4.0	0.0	0.0	0.0
RP11-159D12.9	8.0	0.0	0.0	8.0	0.0	4.0	4.0	0.0	17.0	0.0	13.0	4.0	0.0	0.0	34.0	0.0	4.0	4.0	13.0	4.0
RP11-18F14.2	0.0	4.0	0.0	8.0	4.0	0.0	4.0	0.0	4.0	8.0	4.0	0.0	8.0	0.0	0.0	0.0	0.0	0.0	4.0	17.0
RP11-350F4.2	0.0	0.0	13.0	0.0	4.0	0.0	0.0	0.0	0.0	0.0	0.0	0.0	0.0	0.0	4.0	0.0	0.0	4.0	0.0	0.0
RP11-473I1.10	8.0	4.0	4.0	4.0	0.0	0.0	0.0	4.0	4.0	0.0	0.0	0.0	8.0	8.0	4.0	0.0	4.0	0.0	30.0	4.0
RP11-496N12.9	17.0	0.0	8.0	4.0	8.0	0.0	0.0	0.0	4.0	39.0	0.0	4.0	0.0	0.0	0.0	0.0	8.0	4.0	0.0	0.0
RP11-566E18.3	4.0	0.0	4.0	0.0	0.0	13.0	17.0	0.0	8.0	0.0	0.0	0.0	0.0	0.0	0.0	0.0	0.0	0.0	8.0	0.0
RP11-958N24.2	8.0	4.0	13.0	0.0	4.0	0.0	0.0	0.0	0.0	13.0	0.0	0.0	0.0	0.0	4.0	0.0	0.0	0.0	0.0	0.0
RPAP1	17.0	21.0	0.0	0.0	0.0	8.0	0.0	0.0	13.0	4.0	4.0	0.0	0.0	4.0	0.0	0.0	4.0	0.0	0.0	0.0
RPRD1B	4.0	4.0	0.0	8.0	0.0	0.0	0.0	4.0	0.0	0.0	0.0	0.0	0.0	4.0	4.0	0.0	0.0	0.0	8.0	0.0
RRP12	0.0	4.0	0.0	0.0	0.0	8.0	0.0	0.0	0.0	0.0	0.0	4.0	0.0	0.0	0.0	0.0	0.0	8.0	0.0	8.0
RUNX2	8.0	8.0	21.0	0.0	4.0	0.0	0.0	0.0	0.0	0.0	0.0	0.0	0.0	8.0	0.0	0.0	4.0	21.0	8.0	4.0
RWDD2A	0.0	0.0	0.0	0.0	8.0	17.0	0.0	0.0	8.0	0.0	0.0	0.0	0.0	4.0	4.0	0.0	0.0	0.0	0.0	8.0
RYBP	13.0	0.0	0.0	4.0	0.0	30.0	4.0	8.0	13.0	34.0	0.0	0.0	0.0	0.0	13.0	0.0	4.0	8.0	4.0	0.0
SACS	0.0	0.0	8.0	8.0	8.0	0.0	0.0	4.0	0.0	8.0	4.0	0.0	4.0	0.0	4.0	4.0	8.0	0.0	4.0	0.0
SALL2	0.0	0.0	0.0	4.0	4.0	0.0	0.0	4.0	0.0	0.0	0.0	0.0	0.0	0.0	4.0	0.0	0.0	0.0	4.0	0.0
SAMD9L	0.0	0.0	0.0	8.0	4.0	0.0	0.0	0.0	4.0	0.0	0.0	0.0	0.0	0.0	4.0	0.0	17.0	0.0	8.0	0.0
SBNO1	17.0	0.0	4.0	26.0	0.0	17.0	17.0	4.0	0.0	8.0	8.0	4.0	13.0	8.0	0.0	0.0	0.0	4.0	0.0	0.0
SCAF8	0.0	4.0	0.0	30.0	0.0	13.0	0.0	4.0	0.0	0.0	13.0	0.0	13.0	8.0	0.0	8.0	0.0	0.0	13.0	0.0
SCAP	4.0	0.0	0.0	21.0	0.0	0.0	4.0	0.0	0.0	26.0	4.0	8.0	8.0	4.0	8.0	17.0	30.0	0.0	0.0	8.0
SCN3A	0.0	0.0	0.0	0.0	0.0	4.0	0.0	0.0	0.0	0.0	0.0	0.0	13.0	4.0	0.0	0.0	0.0	0.0	0.0	0.0
SCUBE3	4.0	0.0	0.0	26.0	0.0	0.0	4.0	8.0	13.0	4.0	8.0	0.0	30.0	4.0	4.0	0.0	21.0	0.0	30.0	4.0
SEC16A	4.0	4.0	17.0	0.0	0.0	4.0	21.0	4.0	0.0	26.0	0.0	0.0	0.0	0.0	0.0	0.0	13.0	0.0	13.0	8.0
SEC24B	8.0	0.0	8.0	0.0	0.0	8.0	4.0	0.0	13.0	0.0	0.0	0.0	4.0	17.0	0.0	0.0	4.0	4.0	0.0	4.0
SEMA4F	0.0	13.0	0.0	8.0	13.0	0.0	17.0	17.0	0.0	8.0	0.0	0.0	21.0	4.0	0.0	0.0	0.0	0.0	8.0	0.0
SEMA5A	13.0	0.0	0.0	8.0	0.0	0.0	0.0	0.0	13.0	0.0	0.0	4.0	0.0	13.0	21.0	0.0	0.0	0.0	8.0	0.0
SEMA6D	0.0	0.0	0.0	0.0	4.0	0.0	0.0	0.0	0.0	0.0	0.0	0.0	0.0	0.0	0.0	0.0	0.0	0.0	4.0	0.0
SENP1	0.0	4.0	0.0	0.0	0.0	4.0	4.0	0.0	4.0	8.0	0.0	0.0	0.0	4.0	0.0	0.0	0.0	0.0	4.0	0.0
SENP5	21.0	8.0	8.0	26.0	4.0	0.0	13.0	8.0	0.0	0.0	0.0	8.0	0.0	0.0	17.0	4.0	0.0	4.0	39.0	4.0
SERAC1	0.0	0.0	4.0	13.0	0.0	0.0	0.0	13.0	0.0	0.0	0.0	4.0	0.0	0.0	0.0	0.0	0.0	8.0	0.0	0.0
SERTAD2	8.0	4.0	4.0	0.0	0.0	0.0	4.0	0.0	0.0	8.0	0.0	0.0	4.0	0.0	8.0	0.0	4.0	0.0	8.0	0.0
SESN2	4.0	13.0	0.0	0.0	13.0	4.0	4.0	0.0	0.0	4.0	4.0	0.0	26.0	4.0	8.0	0.0	0.0	0.0	0.0	0.0
SETD2	4.0	0.0	0.0	0.0	0.0	0.0	4.0	0.0	0.0	4.0	8.0	8.0	4.0	0.0	4.0	4.0	4.0	8.0	4.0	0.0
SFXN5	0.0	0.0	0.0	0.0	4.0	0.0	0.0	4.0	0.0	17.0	0.0	0.0	0.0	0.0	0.0	0.0	0.0	8.0	0.0	4.0
SH2D5	0.0	0.0	0.0	0.0	4.0	4.0	4.0	0.0	4.0	0.0	4.0	4.0	0.0	4.0	0.0	4.0	0.0	0.0	4.0	13.0
SH3BGRL2	0.0	0.0	0.0	0.0	13.0	4.0	13.0	0.0	0.0	4.0	0.0	0.0	0.0	0.0	21.0	8.0	0.0	0.0	0.0	0.0
SHC4	4.0	4.0	13.0	0.0	0.0	0.0	8.0	0.0	4.0	0.0	8.0	4.0	4.0	0.0	0.0	0.0	0.0	0.0	0.0	0.0
SHROOM2	0.0	4.0	0.0	4.0	4.0	0.0	0.0	0.0	13.0	0.0	0.0	0.0	0.0	17.0	4.0	0.0	0.0	0.0	0.0	4.0
SIDT2	0.0	0.0	8.0	0.0	13.0	17.0	21.0	4.0	26.0	17.0	0.0	13.0	4.0	0.0	0.0	0.0	21.0	17.0	0.0	0.0
SIN3A	17.0	0.0	8.0	0.0	4.0	4.0	4.0	0.0	0.0	13.0	0.0	0.0	8.0	0.0	0.0	0.0	8.0	8.0	0.0	0.0
SIN3B	21.0	0.0	4.0	8.0	0.0	0.0	0.0	0.0	0.0	4.0	0.0	4.0	4.0	0.0	0.0	0.0	0.0	0.0	0.0	0.0
SIPA1L2	0.0	0.0	4.0	0.0	0.0	0.0	4.0	4.0	0.0	4.0	0.0	0.0	0.0	4.0	4.0	0.0	0.0	0.0	4.0	8.0
SIPA1L3	4.0	8.0	0.0	0.0	13.0	21.0	13.0	0.0	34.0	0.0	0.0	4.0	4.0	0.0	0.0	0.0	8.0	0.0	4.0	0.0
SIRT1	0.0	4.0	8.0	4.0	8.0	4.0	0.0	0.0	0.0	4.0	13.0	0.0	0.0	0.0	0.0	0.0	0.0	4.0	0.0	4.0
SKIV2L	0.0	13.0	0.0	4.0	8.0	4.0	13.0	17.0	8.0	13.0	0.0	4.0	17.0	8.0	4.0	0.0	13.0	4.0	26.0	4.0
SLC12A2	4.0	8.0	0.0	0.0	4.0	4.0	4.0	8.0	4.0	4.0	13.0	4.0	0.0	0.0	0.0	0.0	0.0	0.0	4.0	4.0
SLC12A6	0.0	0.0	0.0	0.0	0.0	0.0	8.0	0.0	0.0	0.0	0.0	0.0	0.0	0.0	0.0	0.0	0.0	0.0	4.0	0.0
SLC12A7	8.0	4.0	0.0	21.0	4.0	0.0	0.0	0.0	0.0	0.0	0.0	0.0	4.0	0.0	0.0	0.0	0.0	0.0	0.0	4.0
SLC18A2	0.0	4.0	0.0	4.0	0.0	0.0	0.0	0.0	0.0	0.0	0.0	0.0	0.0	0.0	0.0	0.0	0.0	0.0	4.0	0.0
SLC1A1	0.0	8.0	4.0	0.0	0.0	0.0	0.0	4.0	0.0	0.0	0.0	0.0	0.0	0.0	8.0	17.0	0.0	8.0	13.0	0.0
SLC1A4	4.0	0.0	4.0	0.0	0.0	8.0	4.0	4.0	0.0	0.0	4.0	0.0	8.0	0.0	8.0	0.0	0.0	0.0	4.0	21.0
SLC24A1	0.0	0.0	0.0	0.0	0.0	4.0	13.0	4.0	0.0	0.0	0.0	0.0	4.0	8.0	0.0	4.0	4.0	0.0	0.0	0.0
SLC25A44	4.0	0.0	0.0	21.0	0.0	0.0	0.0	0.0	0.0	8.0	0.0	0.0	0.0	4.0	4.0	0.0	4.0	0.0	8.0	4.0
SLC2A12	0.0	0.0	0.0	8.0	8.0	0.0	0.0	0.0	0.0	4.0	4.0	0.0	30.0	0.0	0.0	0.0	0.0	0.0	4.0	0.0
SLC30A1	0.0	13.0	8.0	0.0	0.0	4.0	0.0	0.0	0.0	8.0	8.0	0.0	4.0	8.0	0.0	0.0	0.0	0.0	0.0	0.0
SLC30A4	0.0	0.0	0.0	0.0	8.0	0.0	4.0	0.0	0.0	13.0	0.0	0.0	0.0	8.0	0.0	0.0	0.0	8.0	0.0	0.0
SLC35B4	0.0	0.0	0.0	4.0	0.0	4.0	4.0	0.0	0.0	4.0	0.0	4.0	13.0	0.0	0.0	0.0	0.0	0.0	0.0	0.0
SLC41A2	4.0	0.0	0.0	0.0	0.0	4.0	4.0	0.0	8.0	0.0	0.0	4.0	4.0	0.0	0.0	8.0	0.0	0.0	0.0	0.0
SLC4A8	0.0	0.0	0.0	0.0	0.0	0.0	4.0	0.0	0.0	0.0	8.0	0.0	4.0	0.0	4.0	0.0	0.0	0.0	0.0	0.0
SLC5A3	0.0	0.0	0.0	21.0	0.0	17.0	0.0	0.0	0.0	0.0	0.0	0.0	0.0	0.0	21.0	0.0	0.0	13.0	4.0	0.0
SLC7A11	8.0	17.0	0.0	8.0	26.0	17.0	4.0	0.0	0.0	26.0	4.0	0.0	100.0	0.0	4.0	8.0	8.0	0.0	34.0	4.0
SLC7A6OS	0.0	13.0	8.0	0.0	8.0	0.0	17.0	17.0	0.0	4.0	13.0	0.0	4.0	17.0	0.0	4.0	17.0	0.0	0.0	0.0
SLC9A5	0.0	4.0	0.0	4.0	0.0	13.0	4.0	0.0	0.0	0.0	0.0	0.0	0.0	0.0	8.0	0.0	8.0	0.0	4.0	0.0
SLC9A6	4.0	13.0	8.0	0.0	0.0	0.0	34.0	0.0	13.0	0.0	0.0	4.0	0.0	0.0	8.0	0.0	0.0	0.0	4.0	8.0
SMAD9	0.0	0.0	0.0	0.0	0.0	4.0	0.0	4.0	13.0	0.0	4.0	4.0	0.0	4.0	0.0	0.0	0.0	4.0	0.0	8.0
SMARCC2	0.0	13.0	4.0	56.0	8.0	17.0	0.0	13.0	13.0	13.0	4.0	4.0	13.0	0.0	0.0	4.0	4.0	0.0	21.0	0.0
SMC6	21.0	0.0	0.0	4.0	8.0	0.0	13.0	0.0	0.0	0.0	4.0	4.0	13.0	0.0	4.0	4.0	0.0	0.0	0.0	0.0
SMCR7L	0.0	0.0	0.0	0.0	8.0	0.0	0.0	13.0	8.0	17.0	8.0	0.0	26.0	0.0	4.0	0.0	13.0	4.0	4.0	0.0
SMCR8	0.0	4.0	8.0	0.0	26.0	8.0	13.0	8.0	0.0	4.0	0.0	13.0	8.0	0.0	4.0	0.0	0.0	0.0	0.0	0.0
SMG1	17.0	8.0	4.0	8.0	17.0	0.0	0.0	0.0	0.0	8.0	4.0	4.0	21.0	0.0	21.0	0.0	8.0	0.0	0.0	0.0
SMIM13	8.0	13.0	0.0	4.0	17.0	0.0	30.0	0.0	0.0	0.0	0.0	0.0	4.0	21.0	0.0	0.0	0.0	0.0	4.0	4.0
SMO	0.0	0.0	4.0	13.0	0.0	0.0	0.0	4.0	4.0	0.0	13.0	0.0	8.0	0.0	0.0	4.0	21.0	0.0	4.0	0.0
SMURF1	0.0	4.0	0.0	13.0	0.0	17.0	13.0	17.0	0.0	30.0	8.0	0.0	39.0	13.0	0.0	0.0	13.0	0.0	4.0	8.0
SNIP1	13.0	4.0	0.0	0.0	0.0	4.0	0.0	0.0	0.0	4.0	4.0	0.0	0.0	0.0	8.0	0.0	13.0	8.0	4.0	4.0
SNPH	4.0	0.0	0.0	13.0	4.0	0.0	0.0	0.0	0.0	0.0	0.0	4.0	13.0	0.0	4.0	0.0	0.0	4.0	13.0	4.0
SNX30	0.0	8.0	8.0	13.0	8.0	8.0	0.0	0.0	17.0	0.0	8.0	0.0	4.0	0.0	0.0	0.0	13.0	0.0	0.0	0.0
SOCS4	0.0	0.0	0.0	4.0	0.0	0.0	0.0	4.0	0.0	0.0	0.0	0.0	4.0	0.0	8.0	0.0	0.0	0.0	8.0	4.0
SOGA1	4.0	8.0	0.0	0.0	8.0	4.0	4.0	4.0	0.0	0.0	0.0	0.0	0.0	0.0	0.0	0.0	8.0	0.0	4.0	0.0
SON	0.0	26.0	4.0	8.0	56.0	4.0	39.0	13.0	4.0	43.0	0.0	13.0	13.0	0.0	26.0	0.0	13.0	0.0	13.0	8.0
SOWAHC	0.0	17.0	4.0	0.0	13.0	4.0	4.0	0.0	0.0	0.0	8.0	0.0	13.0	0.0	0.0	0.0	0.0	0.0	0.0	0.0
SOX11	4.0	4.0	4.0	0.0	4.0	8.0	0.0	4.0	0.0	17.0	0.0	0.0	8.0	0.0	0.0	0.0	0.0	4.0	4.0	13.0
SP4	0.0	4.0	0.0	0.0	0.0	4.0	0.0	4.0	0.0	4.0	4.0	0.0	0.0	0.0	4.0	0.0	8.0	0.0	4.0	0.0
SPAST	4.0	13.0	0.0	13.0	0.0	8.0	8.0	0.0	0.0	0.0	4.0	4.0	8.0	0.0	0.0	0.0	4.0	0.0	4.0	0.0
SPICE1	0.0	0.0	0.0	4.0	0.0	0.0	0.0	4.0	13.0	0.0	4.0	0.0	0.0	0.0	0.0	0.0	0.0	0.0	8.0	4.0
SPRED2	0.0	0.0	26.0	4.0	0.0	8.0	17.0	0.0	0.0	0.0	0.0	4.0	17.0	0.0	0.0	0.0	8.0	0.0	0.0	0.0
SPRY4	0.0	0.0	17.0	4.0	0.0	0.0	4.0	0.0	8.0	0.0	0.0	0.0	0.0	0.0	0.0	8.0	0.0	4.0	4.0	0.0
SPTAN1	26.0	30.0	13.0	39.0	34.0	30.0	8.0	17.0	30.0	21.0	34.0	43.0	34.0	0.0	26.0	0.0	43.0	13.0	30.0	4.0
SPTBN1	30.0	30.0	17.0	13.0	13.0	34.0	13.0	13.0	26.0	26.0	8.0	4.0	26.0	4.0	21.0	0.0	13.0	0.0	30.0	0.0
SRGAP1	0.0	0.0	8.0	13.0	0.0	8.0	0.0	0.0	0.0	13.0	0.0	0.0	61.0	13.0	4.0	8.0	4.0	8.0	13.0	0.0
SSH1	0.0	0.0	8.0	4.0	0.0	13.0	21.0	8.0	0.0	8.0	4.0	4.0	17.0	4.0	4.0	0.0	4.0	4.0	4.0	0.0
SSH2	4.0	4.0	4.0	13.0	0.0	17.0	0.0	0.0	0.0	4.0	0.0	8.0	8.0	13.0	0.0	4.0	4.0	0.0	0.0	8.0
ST3GAL2	4.0	0.0	0.0	0.0	8.0	0.0	13.0	4.0	4.0	0.0	4.0	0.0	0.0	8.0	13.0	0.0	13.0	0.0	4.0	0.0
STARD9	0.0	0.0	4.0	0.0	0.0	0.0	4.0	0.0	0.0	0.0	0.0	0.0	0.0	8.0	4.0	0.0	0.0	0.0	4.0	0.0
STAT5B	0.0	4.0	0.0	4.0	13.0	0.0	4.0	4.0	4.0	4.0	0.0	4.0	8.0	4.0	0.0	0.0	0.0	0.0	0.0	0.0
STK10	8.0	8.0	0.0	21.0	4.0	8.0	0.0	0.0	13.0	0.0	4.0	0.0	4.0	0.0	17.0	0.0	13.0	0.0	8.0	0.0
STXBP1	8.0	0.0	0.0	17.0	13.0	0.0	8.0	0.0	4.0	8.0	0.0	0.0	8.0	4.0	13.0	0.0	26.0	0.0	17.0	8.0
STYX	0.0	0.0	4.0	0.0	8.0	0.0	0.0	4.0	0.0	4.0	21.0	0.0	0.0	8.0	0.0	0.0	0.0	0.0	17.0	0.0
SUGP2	0.0	8.0	17.0	17.0	0.0	13.0	8.0	0.0	13.0	8.0	0.0	4.0	0.0	8.0	17.0	0.0	34.0	4.0	4.0	4.0
SUSD5	0.0	0.0	0.0	0.0	8.0	8.0	4.0	0.0	0.0	0.0	0.0	8.0	8.0	0.0	0.0	0.0	0.0	0.0	0.0	0.0
SV2A	0.0	13.0	0.0	0.0	8.0	0.0	4.0	4.0	8.0	0.0	0.0	8.0	4.0	0.0	4.0	0.0	0.0	0.0	4.0	0.0
SVEP1	13.0	4.0	4.0	0.0	4.0	8.0	13.0	8.0	4.0	0.0	0.0	13.0	0.0	0.0	0.0	4.0	0.0	0.0	13.0	4.0
SWT1	21.0	0.0	0.0	0.0	0.0	0.0	4.0	4.0	0.0	0.0	0.0	13.0	4.0	0.0	8.0	4.0	0.0	0.0	0.0	4.0
SYNJ2	0.0	0.0	0.0	0.0	0.0	26.0	4.0	13.0	0.0	0.0	4.0	0.0	0.0	8.0	13.0	4.0	0.0	0.0	4.0	0.0
SYT1	4.0	0.0	0.0	4.0	8.0	0.0	0.0	0.0	8.0	4.0	0.0	0.0	4.0	0.0	4.0	0.0	8.0	8.0	0.0	0.0
SYTL4	0.0	8.0	4.0	0.0	4.0	4.0	0.0	0.0	0.0	4.0	4.0	0.0	0.0	0.0	0.0	0.0	0.0	8.0	0.0	0.0
TAB3	0.0	0.0	8.0	4.0	13.0	0.0	0.0	8.0	8.0	4.0	4.0	0.0	0.0	17.0	0.0	4.0	4.0	0.0	8.0	4.0
TADA2B	0.0	0.0	8.0	30.0	30.0	0.0	4.0	4.0	0.0	0.0	0.0	8.0	0.0	0.0	0.0	0.0	0.0	0.0	0.0	0.0
TAF2	0.0	8.0	13.0	0.0	4.0	4.0	4.0	4.0	0.0	17.0	4.0	0.0	0.0	4.0	0.0	0.0	0.0	0.0	4.0	0.0
TANGO6	4.0	4.0	0.0	0.0	8.0	0.0	4.0	4.0	4.0	13.0	0.0	0.0	0.0	0.0	13.0	0.0	4.0	0.0	0.0	4.0
TARBP1	8.0	4.0	0.0	0.0	0.0	4.0	0.0	4.0	13.0	8.0	0.0	0.0	0.0	13.0	0.0	0.0	0.0	8.0	0.0	4.0
TARSL2	0.0	4.0	8.0	0.0	0.0	4.0	4.0	0.0	0.0	30.0	0.0	0.0	8.0	0.0	8.0	0.0	4.0	4.0	4.0	0.0
TBC1D12	4.0	0.0	4.0	0.0	4.0	0.0	0.0	4.0	8.0	4.0	0.0	0.0	13.0	0.0	0.0	0.0	13.0	0.0	0.0	0.0
TBC1D13	0.0	0.0	0.0	4.0	4.0	0.0	17.0	0.0	0.0	4.0	0.0	4.0	4.0	0.0	0.0	0.0	0.0	0.0	0.0	8.0
TBC1D16	0.0	13.0	0.0	13.0	0.0	34.0	4.0	0.0	0.0	8.0	4.0	0.0	17.0	0.0	4.0	0.0	8.0	8.0	4.0	0.0
TBC1D22B	8.0	0.0	34.0	0.0	4.0	0.0	0.0	4.0	0.0	0.0	8.0	0.0	0.0	0.0	0.0	0.0	0.0	0.0	0.0	0.0
TBC1D8B	4.0	0.0	0.0	4.0	0.0	0.0	8.0	4.0	0.0	26.0	13.0	0.0	8.0	0.0	4.0	4.0	8.0	0.0	0.0	0.0
TBC1D9	0.0	4.0	0.0	17.0	0.0	0.0	17.0	0.0	0.0	4.0	0.0	4.0	0.0	8.0	0.0	0.0	0.0	0.0	0.0	8.0
TBCD	8.0	8.0	4.0	4.0	4.0	4.0	0.0	0.0	13.0	0.0	8.0	0.0	0.0	0.0	8.0	4.0	0.0	0.0	0.0	0.0
TCEANC2	0.0	4.0	0.0	17.0	4.0	8.0	8.0	4.0	8.0	4.0	0.0	0.0	0.0	4.0	0.0	0.0	0.0	0.0	4.0	0.0
TCEB3	0.0	21.0	4.0	4.0	0.0	8.0	30.0	8.0	13.0	0.0	0.0	34.0	4.0	4.0	17.0	4.0	0.0	0.0	4.0	4.0
TCF20	21.0	21.0	0.0	13.0	13.0	0.0	4.0	0.0	4.0	4.0	4.0	4.0	0.0	4.0	0.0	0.0	13.0	0.0	0.0	0.0
TCOF1	13.0	8.0	8.0	0.0	0.0	0.0	4.0	0.0	4.0	8.0	0.0	13.0	26.0	0.0	4.0	0.0	8.0	0.0	0.0	4.0
TDRD7	0.0	13.0	0.0	0.0	4.0	21.0	0.0	4.0	4.0	0.0	0.0	0.0	4.0	0.0	0.0	0.0	0.0	0.0	0.0	0.0
TECPR2	0.0	17.0	4.0	4.0	0.0	13.0	0.0	0.0	13.0	0.0	4.0	4.0	8.0	0.0	4.0	8.0	0.0	4.0	0.0	0.0
TEX2	0.0	4.0	4.0	13.0	0.0	4.0	4.0	0.0	8.0	8.0	0.0	0.0	0.0	0.0	13.0	0.0	8.0	8.0	0.0	0.0
TGS1	0.0	13.0	4.0	4.0	0.0	0.0	4.0	4.0	0.0	4.0	0.0	0.0	17.0	0.0	8.0	0.0	4.0	0.0	0.0	0.0
THADA	0.0	4.0	8.0	8.0	0.0	0.0	0.0	0.0	0.0	4.0	0.0	0.0	4.0	4.0	0.0	0.0	0.0	0.0	13.0	0.0
THSD4	13.0	8.0	13.0	4.0	0.0	0.0	13.0	8.0	4.0	39.0	26.0	8.0	21.0	4.0	34.0	8.0	0.0	8.0	21.0	8.0
TICRR	4.0	8.0	0.0	0.0	4.0	0.0	0.0	0.0	0.0	0.0	0.0	0.0	4.0	0.0	4.0	4.0	0.0	0.0	17.0	0.0
TIMELESS	26.0	4.0	0.0	17.0	8.0	0.0	4.0	4.0	4.0	4.0	0.0	8.0	13.0	0.0	0.0	0.0	0.0	4.0	0.0	8.0
TJP2	0.0	26.0	0.0	13.0	0.0	8.0	4.0	0.0	0.0	13.0	4.0	0.0	0.0	4.0	4.0	4.0	4.0	0.0	4.0	4.0
TMED8	0.0	13.0	0.0	4.0	4.0	0.0	8.0	4.0	4.0	0.0	0.0	0.0	0.0	8.0	8.0	0.0	0.0	4.0	0.0	0.0
TMEM104	0.0	8.0	0.0	0.0	0.0	0.0	0.0	0.0	0.0	0.0	0.0	0.0	0.0	8.0	4.0	0.0	0.0	0.0	0.0	0.0
TMEM110	8.0	4.0	0.0	8.0	4.0	0.0	0.0	0.0	21.0	0.0	0.0	0.0	0.0	0.0	0.0	0.0	0.0	0.0	4.0	0.0
TMEM194A	0.0	0.0	0.0	0.0	8.0	0.0	8.0	0.0	0.0	4.0	17.0	0.0	8.0	4.0	0.0	8.0	13.0	0.0	0.0	0.0
TMEM246	4.0	0.0	0.0	21.0	0.0	0.0	8.0	0.0	0.0	4.0	0.0	4.0	4.0	0.0	8.0	0.0	0.0	0.0	0.0	0.0
TMEM260	0.0	8.0	0.0	13.0	0.0	4.0	4.0	0.0	8.0	30.0	0.0	0.0	4.0	0.0	4.0	0.0	0.0	0.0	8.0	0.0
TMEM57	4.0	8.0	4.0	0.0	13.0	17.0	0.0	0.0	13.0	0.0	4.0	0.0	4.0	4.0	26.0	0.0	4.0	4.0	0.0	0.0
TMOD2	0.0	0.0	0.0	4.0	4.0	0.0	0.0	0.0	4.0	0.0	0.0	13.0	8.0	0.0	13.0	0.0	0.0	0.0	8.0	0.0
TMPPE	0.0	0.0	0.0	0.0	4.0	13.0	0.0	0.0	13.0	0.0	0.0	0.0	4.0	13.0	0.0	8.0	0.0	8.0	4.0	0.0
TMX4	0.0	0.0	4.0	0.0	0.0	0.0	0.0	8.0	0.0	0.0	13.0	8.0	4.0	0.0	13.0	0.0	0.0	8.0	4.0	0.0
TNFAIP3	0.0	0.0	0.0	0.0	4.0	8.0	0.0	0.0	8.0	0.0	0.0	0.0	13.0	4.0	0.0	0.0	0.0	0.0	0.0	0.0
TNRC6A	0.0	8.0	8.0	17.0	0.0	4.0	0.0	8.0	13.0	0.0	4.0	0.0	0.0	0.0	8.0	8.0	0.0	0.0	8.0	8.0
TONSL	4.0	4.0	0.0	26.0	0.0	0.0	0.0	0.0	0.0	4.0	0.0	0.0	17.0	4.0	4.0	0.0	0.0	0.0	0.0	0.0
TOP3A	0.0	0.0	0.0	4.0	0.0	0.0	0.0	0.0	0.0	0.0	8.0	0.0	8.0	0.0	4.0	0.0	0.0	8.0	0.0	0.0
TOPORS	8.0	4.0	0.0	0.0	0.0	26.0	0.0	4.0	0.0	17.0	8.0	0.0	39.0	0.0	4.0	0.0	4.0	4.0	13.0	4.0
TOR4A	0.0	8.0	0.0	30.0	0.0	8.0	21.0	0.0	4.0	13.0	4.0	0.0	0.0	0.0	4.0	0.0	0.0	4.0	0.0	0.0
TOX	13.0	0.0	4.0	0.0	13.0	0.0	0.0	0.0	8.0	13.0	0.0	0.0	8.0	4.0	8.0	0.0	0.0	0.0	17.0	0.0
TP53BP1	0.0	30.0	8.0	8.0	13.0	0.0	4.0	8.0	0.0	4.0	8.0	13.0	48.0	4.0	0.0	0.0	13.0	0.0	0.0	4.0
TPCN1	0.0	13.0	8.0	0.0	4.0	13.0	8.0	4.0	0.0	13.0	4.0	0.0	0.0	0.0	0.0	13.0	0.0	0.0	0.0	0.0
TPR	8.0	17.0	26.0	17.0	8.0	4.0	21.0	8.0	34.0	30.0	4.0	0.0	30.0	0.0	0.0	21.0	43.0	4.0	43.0	13.0
TRAPPC9	0.0	0.0	17.0	8.0	0.0	0.0	0.0	8.0	4.0	0.0	0.0	4.0	4.0	8.0	0.0	0.0	0.0	0.0	0.0	0.0
TRERF1	0.0	8.0	8.0	4.0	26.0	4.0	0.0	13.0	0.0	0.0	0.0	17.0	0.0	0.0	0.0	0.0	0.0	13.0	0.0	0.0
TRIM14	8.0	0.0	0.0	0.0	0.0	0.0	0.0	0.0	0.0	8.0	21.0	0.0	0.0	21.0	0.0	4.0	4.0	0.0	8.0	0.0
TRIM35	0.0	13.0	8.0	8.0	0.0	4.0	4.0	4.0	0.0	4.0	4.0	13.0	4.0	4.0	0.0	0.0	0.0	4.0	0.0	4.0
TRIM37	8.0	13.0	0.0	0.0	4.0	4.0	0.0	0.0	0.0	13.0	8.0	4.0	4.0	8.0	21.0	0.0	0.0	13.0	0.0	0.0
TRIM62	0.0	0.0	8.0	0.0	17.0	0.0	0.0	0.0	8.0	0.0	0.0	0.0	17.0	8.0	4.0	0.0	0.0	0.0	0.0	0.0
TRO	4.0	4.0	0.0	0.0	4.0	0.0	8.0	8.0	0.0	0.0	4.0	0.0	4.0	0.0	0.0	0.0	13.0	0.0	0.0	0.0
TRPC6	4.0	0.0	8.0	4.0	0.0	0.0	0.0	0.0	0.0	21.0	0.0	0.0	17.0	0.0	4.0	17.0	0.0	4.0	21.0	39.0
TRPS1	0.0	0.0	0.0	26.0	4.0	0.0	0.0	0.0	17.0	13.0	0.0	4.0	0.0	13.0	13.0	0.0	0.0	0.0	17.0	4.0
TRRAP	8.0	0.0	4.0	0.0	0.0	4.0	0.0	0.0	4.0	13.0	0.0	8.0	8.0	4.0	0.0	0.0	4.0	0.0	4.0	4.0
TSPYL4	0.0	0.0	4.0	17.0	4.0	4.0	0.0	0.0	13.0	8.0	4.0	0.0	0.0	17.0	13.0	0.0	0.0	0.0	0.0	4.0
TSPYL5	8.0	0.0	17.0	4.0	4.0	0.0	0.0	0.0	4.0	8.0	0.0	13.0	0.0	0.0	0.0	0.0	0.0	4.0	4.0	4.0
TSTD2	0.0	4.0	0.0	0.0	4.0	0.0	0.0	0.0	26.0	0.0	0.0	0.0	0.0	17.0	8.0	13.0	0.0	4.0	4.0	0.0
TTF2	0.0	0.0	0.0	0.0	0.0	0.0	0.0	0.0	4.0	13.0	0.0	0.0	0.0	0.0	0.0	0.0	0.0	4.0	0.0	0.0
TTI1	4.0	0.0	4.0	0.0	17.0	4.0	0.0	0.0	0.0	0.0	0.0	4.0	0.0	4.0	4.0	4.0	13.0	0.0	8.0	4.0
TTL	0.0	0.0	4.0	17.0	0.0	0.0	8.0	0.0	4.0	0.0	0.0	0.0	0.0	0.0	0.0	4.0	13.0	8.0	4.0	4.0
TTLL4	8.0	39.0	17.0	0.0	0.0	4.0	4.0	4.0	0.0	8.0	0.0	0.0	4.0	4.0	4.0	0.0	0.0	4.0	13.0	4.0
TTPAL	0.0	0.0	0.0	0.0	0.0	0.0	8.0	0.0	0.0	0.0	4.0	4.0	0.0	0.0	0.0	4.0	4.0	0.0	0.0	0.0
TUBGCP4	0.0	4.0	0.0	21.0	0.0	4.0	0.0	8.0	4.0	0.0	8.0	4.0	13.0	0.0	17.0	4.0	4.0	0.0	0.0	0.0
TUBGCP5	4.0	0.0	0.0	0.0	34.0	0.0	4.0	0.0	0.0	0.0	4.0	0.0	0.0	8.0	0.0	0.0	0.0	0.0	0.0	0.0
TULP4	4.0	0.0	13.0	0.0	0.0	4.0	4.0	0.0	0.0	4.0	8.0	0.0	13.0	0.0	0.0	4.0	0.0	0.0	0.0	0.0
TWISTNB	4.0	13.0	0.0	0.0	17.0	4.0	0.0	0.0	0.0	4.0	0.0	4.0	4.0	0.0	0.0	0.0	0.0	4.0	4.0	0.0
UBE2O	0.0	4.0	13.0	4.0	0.0	4.0	4.0	21.0	13.0	0.0	26.0	0.0	0.0	4.0	0.0	0.0	0.0	0.0	4.0	0.0
UBE4A	21.0	13.0	4.0	13.0	0.0	8.0	8.0	4.0	4.0	8.0	4.0	17.0	4.0	8.0	13.0	0.0	4.0	4.0	39.0	8.0
UBE4B	30.0	0.0	0.0	0.0	4.0	4.0	0.0	4.0	13.0	4.0	4.0	4.0	8.0	0.0	0.0	0.0	0.0	0.0	4.0	0.0
UBL3	4.0	4.0	0.0	21.0	0.0	0.0	26.0	4.0	0.0	0.0	4.0	8.0	0.0	0.0	13.0	0.0	8.0	0.0	0.0	0.0
UBN1	0.0	0.0	4.0	21.0	4.0	0.0	13.0	8.0	4.0	4.0	8.0	13.0	0.0	0.0	0.0	0.0	4.0	4.0	17.0	8.0
UBN2	4.0	0.0	0.0	0.0	0.0	0.0	0.0	0.0	0.0	0.0	0.0	4.0	8.0	4.0	4.0	0.0	0.0	0.0	0.0	4.0
UBOX5	0.0	8.0	0.0	4.0	0.0	0.0	0.0	0.0	13.0	0.0	0.0	4.0	17.0	0.0	0.0	0.0	0.0	0.0	4.0	0.0
UBR1	0.0	0.0	0.0	0.0	8.0	8.0	26.0	0.0	4.0	17.0	0.0	0.0	4.0	4.0	4.0	4.0	0.0	0.0	8.0	4.0
UBR2	13.0	0.0	4.0	4.0	8.0	4.0	0.0	4.0	0.0	4.0	4.0	0.0	8.0	8.0	0.0	0.0	8.0	0.0	0.0	0.0
UBR3	17.0	4.0	0.0	0.0	0.0	0.0	4.0	0.0	0.0	4.0	0.0	0.0	30.0	0.0	17.0	0.0	0.0	4.0	0.0	0.0
UBR5	17.0	4.0	8.0	34.0	17.0	4.0	4.0	0.0	0.0	17.0	0.0	4.0	4.0	0.0	17.0	0.0	21.0	0.0	8.0	0.0
UBXN2B	4.0	0.0	0.0	4.0	4.0	0.0	0.0	4.0	0.0	0.0	4.0	4.0	0.0	0.0	4.0	0.0	0.0	0.0	0.0	8.0
UHRF1BP1	0.0	4.0	4.0	0.0	4.0	0.0	13.0	0.0	4.0	0.0	0.0	0.0	0.0	4.0	0.0	0.0	4.0	0.0	0.0	0.0
ULK2	8.0	0.0	0.0	4.0	0.0	8.0	4.0	0.0	0.0	0.0	0.0	4.0	0.0	8.0	4.0	0.0	0.0	0.0	0.0	4.0
ULK4	0.0	0.0	0.0	0.0	4.0	8.0	0.0	4.0	0.0	0.0	0.0	4.0	0.0	0.0	0.0	0.0	4.0	0.0	0.0	4.0
UNC119B	4.0	0.0	8.0	26.0	0.0	0.0	0.0	0.0	0.0	8.0	0.0	0.0	43.0	17.0	4.0	0.0	4.0	0.0	0.0	4.0
UNC13B	4.0	8.0	8.0	0.0	0.0	17.0	13.0	4.0	8.0	8.0	4.0	0.0	0.0	4.0	4.0	0.0	0.0	0.0	21.0	0.0
UPF2	0.0	0.0	21.0	4.0	0.0	13.0	0.0	4.0	0.0	8.0	13.0	0.0	0.0	4.0	0.0	0.0	0.0	4.0	8.0	0.0
URB1	0.0	4.0	4.0	0.0	4.0	0.0	0.0	0.0	0.0	4.0	0.0	0.0	8.0	0.0	0.0	0.0	4.0	0.0	0.0	0.0
URB2	0.0	0.0	0.0	13.0	13.0	0.0	0.0	0.0	4.0	0.0	0.0	0.0	4.0	4.0	8.0	8.0	0.0	4.0	8.0	0.0
URGCP	0.0	0.0	0.0	4.0	4.0	13.0	0.0	0.0	8.0	0.0	0.0	8.0	0.0	13.0	0.0	0.0	4.0	0.0	21.0	0.0
USP19	4.0	0.0	0.0	0.0	0.0	13.0	8.0	0.0	4.0	4.0	0.0	0.0	0.0	0.0	0.0	0.0	13.0	0.0	4.0	0.0
USP20	4.0	4.0	0.0	8.0	0.0	8.0	0.0	4.0	0.0	0.0	0.0	4.0	0.0	0.0	4.0	0.0	0.0	4.0	0.0	0.0
USP24	4.0	0.0	8.0	30.0	13.0	0.0	0.0	4.0	0.0	4.0	8.0	0.0	0.0	0.0	4.0	0.0	17.0	0.0	4.0	0.0
USP34	4.0	4.0	0.0	26.0	0.0	0.0	0.0	0.0	4.0	8.0	0.0	4.0	17.0	0.0	4.0	0.0	0.0	0.0	17.0	0.0
USP37	4.0	0.0	0.0	0.0	4.0	8.0	4.0	0.0	4.0	0.0	0.0	0.0	8.0	8.0	0.0	0.0	8.0	0.0	21.0	4.0
USP38	0.0	0.0	0.0	4.0	8.0	0.0	4.0	4.0	0.0	0.0	4.0	0.0	4.0	0.0	0.0	0.0	0.0	0.0	0.0	4.0
USP6NL	0.0	0.0	0.0	4.0	21.0	0.0	13.0	0.0	0.0	0.0	21.0	13.0	4.0	13.0	0.0	0.0	8.0	0.0	0.0	8.0
USP9X	0.0	4.0	17.0	8.0	8.0	13.0	0.0	13.0	0.0	43.0	4.0	0.0	30.0	4.0	4.0	4.0	0.0	0.0	17.0	0.0
USPL1	4.0	0.0	0.0	4.0	0.0	0.0	4.0	4.0	0.0	8.0	0.0	0.0	0.0	0.0	0.0	4.0	8.0	4.0	0.0	4.0
UST	4.0	0.0	21.0	17.0	4.0	8.0	0.0	0.0	4.0	4.0	0.0	8.0	0.0	4.0	4.0	0.0	26.0	4.0	0.0	4.0
UTP20	4.0	4.0	0.0	13.0	4.0	4.0	0.0	0.0	0.0	21.0	0.0	0.0	0.0	0.0	0.0	0.0	0.0	0.0	0.0	4.0
VANGL1	0.0	0.0	4.0	26.0	0.0	0.0	0.0	0.0	30.0	13.0	0.0	4.0	0.0	0.0	8.0	0.0	0.0	0.0	0.0	0.0
VASH1	0.0	0.0	0.0	4.0	8.0	0.0	0.0	4.0	8.0	8.0	0.0	8.0	0.0	4.0	4.0	0.0	0.0	13.0	4.0	0.0
VAT1L	4.0	0.0	0.0	4.0	4.0	4.0	8.0	0.0	0.0	0.0	8.0	4.0	0.0	0.0	4.0	0.0	13.0	0.0	4.0	13.0
VCAN	13.0	8.0	13.0	39.0	13.0	48.0	0.0	26.0	0.0	17.0	4.0	17.0	0.0	13.0	26.0	0.0	17.0	4.0	43.0	0.0
VCPIP1	0.0	0.0	0.0	13.0	0.0	0.0	0.0	0.0	4.0	0.0	0.0	0.0	0.0	4.0	0.0	0.0	4.0	0.0	4.0	0.0
VDR	0.0	4.0	0.0	4.0	0.0	4.0	0.0	4.0	4.0	0.0	0.0	8.0	0.0	0.0	8.0	0.0	4.0	0.0	0.0	0.0
VPS13A	0.0	0.0	0.0	0.0	0.0	0.0	0.0	8.0	0.0	0.0	4.0	0.0	4.0	0.0	0.0	0.0	17.0	0.0	0.0	0.0
VPS13C	8.0	0.0	0.0	0.0	4.0	0.0	8.0	0.0	0.0	0.0	4.0	0.0	8.0	4.0	0.0	0.0	0.0	13.0	0.0	4.0
VPS13D	4.0	0.0	17.0	8.0	0.0	4.0	0.0	0.0	4.0	21.0	13.0	0.0	8.0	4.0	0.0	8.0	4.0	0.0	0.0	4.0
VPS39	17.0	21.0	21.0	0.0	4.0	4.0	0.0	17.0	0.0	26.0	0.0	13.0	21.0	26.0	8.0	0.0	8.0	8.0	8.0	4.0
VSIG10	0.0	0.0	0.0	0.0	0.0	0.0	0.0	4.0	0.0	4.0	0.0	0.0	4.0	8.0	4.0	0.0	0.0	0.0	4.0	0.0
VTI1A	0.0	17.0	0.0	0.0	13.0	13.0	4.0	0.0	0.0	4.0	0.0	4.0	13.0	0.0	13.0	0.0	0.0	0.0	0.0	4.0
VWA8	0.0	8.0	4.0	8.0	0.0	4.0	0.0	0.0	0.0	4.0	4.0	0.0	0.0	8.0	8.0	0.0	0.0	0.0	17.0	0.0
WASH5P	0.0	4.0	17.0	4.0	4.0	8.0	4.0	4.0	4.0	8.0	0.0	0.0	39.0	8.0	0.0	0.0	0.0	0.0	13.0	0.0
WDFY2	8.0	8.0	0.0	4.0	8.0	8.0	4.0	0.0	0.0	0.0	8.0	4.0	0.0	0.0	8.0	4.0	4.0	0.0	0.0	0.0
WDHD1	8.0	8.0	4.0	0.0	21.0	0.0	0.0	0.0	4.0	4.0	8.0	4.0	0.0	0.0	0.0	0.0	0.0	0.0	4.0	0.0
WDR35	0.0	8.0	8.0	4.0	0.0	0.0	8.0	0.0	0.0	0.0	8.0	0.0	4.0	0.0	4.0	4.0	0.0	0.0	4.0	4.0
WDR37	0.0	0.0	8.0	0.0	17.0	4.0	4.0	0.0	0.0	0.0	4.0	4.0	0.0	0.0	0.0	0.0	0.0	0.0	0.0	8.0
WDR44	13.0	0.0	0.0	0.0	0.0	0.0	4.0	13.0	8.0	17.0	8.0	0.0	4.0	0.0	17.0	4.0	0.0	0.0	0.0	4.0
WDR48	0.0	13.0	0.0	4.0	0.0	0.0	0.0	8.0	0.0	8.0	8.0	0.0	4.0	21.0	0.0	0.0	4.0	13.0	13.0	8.0
WDR55	0.0	4.0	4.0	4.0	13.0	0.0	4.0	8.0	0.0	4.0	0.0	0.0	13.0	0.0	0.0	0.0	0.0	0.0	0.0	8.0
WDR59	0.0	4.0	4.0	0.0	0.0	8.0	8.0	0.0	4.0	26.0	4.0	8.0	8.0	0.0	4.0	4.0	13.0	4.0	0.0	0.0
WDR5B	0.0	0.0	13.0	0.0	0.0	4.0	0.0	0.0	0.0	21.0	0.0	0.0	0.0	0.0	13.0	0.0	4.0	0.0	0.0	4.0
WDR60	13.0	0.0	13.0	4.0	4.0	4.0	4.0	0.0	4.0	13.0	4.0	4.0	0.0	4.0	4.0	0.0	4.0	0.0	0.0	4.0
WDR62	8.0	8.0	0.0	0.0	0.0	0.0	0.0	0.0	0.0	4.0	0.0	0.0	0.0	0.0	0.0	0.0	4.0	34.0	0.0	0.0
WDR66	4.0	0.0	0.0	8.0	0.0	0.0	4.0	0.0	0.0	0.0	0.0	0.0	0.0	0.0	0.0	0.0	4.0	8.0	0.0	0.0
WDR7	0.0	4.0	0.0	0.0	13.0	0.0	0.0	0.0	0.0	0.0	0.0	0.0	13.0	0.0	0.0	0.0	0.0	0.0	0.0	8.0
WDR81	0.0	0.0	0.0	0.0	4.0	0.0	0.0	0.0	4.0	0.0	0.0	0.0	0.0	0.0	0.0	0.0	0.0	0.0	0.0	0.0
WDR91	0.0	0.0	0.0	0.0	0.0	4.0	0.0	0.0	0.0	4.0	4.0	0.0	0.0	13.0	0.0	0.0	0.0	0.0	0.0	0.0
WRN	4.0	13.0	4.0	0.0	0.0	8.0	0.0	0.0	0.0	0.0	4.0	0.0	0.0	0.0	0.0	0.0	0.0	0.0	4.0	0.0
WWC3	4.0	0.0	8.0	13.0	4.0	4.0	13.0	4.0	0.0	4.0	4.0	21.0	13.0	8.0	17.0	17.0	4.0	0.0	0.0	8.0
XPO5	0.0	4.0	4.0	4.0	4.0	13.0	0.0	0.0	0.0	8.0	4.0	4.0	0.0	0.0	13.0	0.0	0.0	0.0	0.0	13.0
YEATS2	4.0	17.0	0.0	0.0	0.0	0.0	13.0	8.0	0.0	0.0	8.0	8.0	13.0	13.0	0.0	0.0	8.0	4.0	8.0	8.0
YOD1	4.0	0.0	4.0	0.0	0.0	26.0	17.0	0.0	0.0	0.0	4.0	0.0	13.0	0.0	8.0	0.0	4.0	0.0	4.0	0.0
YTHDC2	0.0	0.0	0.0	4.0	0.0	0.0	4.0	0.0	0.0	13.0	0.0	0.0	0.0	4.0	0.0	0.0	4.0	0.0	4.0	4.0
ZBED1	0.0	0.0	0.0	0.0	4.0	0.0	0.0	0.0	8.0	4.0	0.0	0.0	0.0	0.0	13.0	0.0	0.0	4.0	0.0	0.0
ZBED6	0.0	13.0	4.0	8.0	8.0	0.0	4.0	0.0	0.0	0.0	0.0	0.0	4.0	4.0	4.0	0.0	4.0	0.0	8.0	17.0
ZBTB11	4.0	0.0	0.0	26.0	8.0	0.0	0.0	0.0	4.0	0.0	4.0	0.0	4.0	4.0	4.0	4.0	4.0	4.0	17.0	8.0
ZBTB21	0.0	4.0	0.0	0.0	0.0	8.0	4.0	8.0	13.0	4.0	4.0	0.0	0.0	0.0	0.0	8.0	0.0	4.0	4.0	0.0
ZBTB24	0.0	4.0	17.0	13.0	0.0	0.0	0.0	0.0	0.0	0.0	4.0	4.0	0.0	8.0	0.0	0.0	4.0	4.0	8.0	0.0
ZBTB34	4.0	8.0	13.0	4.0	0.0	0.0	0.0	0.0	0.0	0.0	0.0	4.0	0.0	0.0	4.0	0.0	0.0	0.0	0.0	0.0
ZBTB39	4.0	0.0	8.0	21.0	0.0	0.0	4.0	0.0	0.0	0.0	0.0	4.0	17.0	8.0	0.0	0.0	0.0	0.0	0.0	4.0
ZBTB41	4.0	0.0	4.0	0.0	8.0	0.0	8.0	0.0	8.0	13.0	0.0	4.0	0.0	0.0	0.0	0.0	13.0	0.0	0.0	0.0
ZBTB5	0.0	4.0	4.0	0.0	0.0	0.0	0.0	0.0	0.0	4.0	0.0	0.0	4.0	4.0	4.0	0.0	0.0	0.0	0.0	0.0
ZBTB6	17.0	0.0	0.0	0.0	0.0	4.0	0.0	0.0	8.0	0.0	0.0	8.0	4.0	4.0	4.0	4.0	4.0	0.0	0.0	0.0
ZC3H13	0.0	21.0	0.0	4.0	4.0	4.0	8.0	8.0	0.0	65.0	0.0	4.0	0.0	0.0	4.0	0.0	0.0	4.0	4.0	0.0
ZCCHC11	13.0	0.0	13.0	21.0	0.0	0.0	0.0	0.0	21.0	4.0	13.0	4.0	0.0	0.0	4.0	4.0	4.0	0.0	8.0	4.0
ZCCHC6	0.0	4.0	0.0	4.0	4.0	4.0	8.0	0.0	4.0	0.0	0.0	0.0	0.0	17.0	0.0	0.0	8.0	0.0	4.0	0.0
ZDHHC21	0.0	0.0	4.0	13.0	4.0	0.0	0.0	0.0	0.0	0.0	0.0	8.0	0.0	13.0	0.0	0.0	0.0	0.0	8.0	4.0
ZER1	0.0	4.0	0.0	8.0	8.0	8.0	4.0	4.0	17.0	0.0	0.0	21.0	39.0	4.0	0.0	13.0	4.0	4.0	0.0	4.0
ZFAT	0.0	0.0	0.0	0.0	0.0	0.0	13.0	0.0	0.0	4.0	0.0	0.0	0.0	0.0	0.0	4.0	0.0	0.0	0.0	0.0
ZFC3H1	0.0	0.0	0.0	0.0	0.0	0.0	8.0	0.0	4.0	0.0	0.0	0.0	4.0	0.0	4.0	0.0	0.0	0.0	17.0	0.0
ZFP28	0.0	4.0	0.0	0.0	0.0	0.0	0.0	0.0	0.0	0.0	0.0	0.0	8.0	0.0	4.0	0.0	0.0	0.0	34.0	0.0
ZFPM2	4.0	30.0	0.0	8.0	17.0	4.0	21.0	0.0	0.0	8.0	17.0	4.0	17.0	0.0	8.0	4.0	0.0	0.0	0.0	4.0
ZFYVE26	0.0	4.0	4.0	0.0	0.0	0.0	4.0	0.0	8.0	0.0	8.0	0.0	4.0	0.0	13.0	0.0	4.0	0.0	8.0	0.0
ZHX3	8.0	0.0	0.0	30.0	8.0	21.0	8.0	0.0	0.0	26.0	8.0	4.0	0.0	4.0	8.0	0.0	4.0	4.0	26.0	4.0
ZKSCAN2	4.0	8.0	13.0	21.0	0.0	0.0	4.0	0.0	0.0	0.0	0.0	0.0	8.0	0.0	8.0	0.0	0.0	0.0	0.0	0.0
ZMAT3	0.0	0.0	0.0	0.0	0.0	4.0	8.0	4.0	0.0	0.0	0.0	4.0	0.0	8.0	0.0	4.0	13.0	4.0	4.0	0.0
ZMYM3	0.0	4.0	8.0	8.0	0.0	0.0	17.0	0.0	0.0	17.0	0.0	0.0	4.0	0.0	0.0	4.0	8.0	0.0	0.0	8.0
ZMYND8	0.0	8.0	0.0	0.0	0.0	0.0	0.0	17.0	4.0	4.0	4.0	21.0	0.0	0.0	8.0	4.0	0.0	0.0	13.0	0.0
ZNF142	0.0	0.0	0.0	0.0	8.0	8.0	0.0	0.0	8.0	0.0	0.0	0.0	0.0	0.0	0.0	4.0	8.0	0.0	0.0	0.0
ZNF160	4.0	4.0	0.0	0.0	0.0	0.0	8.0	8.0	4.0	4.0	0.0	0.0	21.0	8.0	4.0	0.0	8.0	0.0	13.0	4.0
ZNF175	0.0	0.0	0.0	8.0	8.0	0.0	0.0	4.0	0.0	8.0	0.0	0.0	4.0	0.0	0.0	0.0	0.0	0.0	8.0	0.0
ZNF202	0.0	0.0	0.0	0.0	26.0	4.0	4.0	0.0	0.0	0.0	0.0	17.0	17.0	0.0	0.0	4.0	0.0	8.0	13.0	8.0
ZNF230	0.0	13.0	0.0	4.0	8.0	0.0	0.0	0.0	0.0	0.0	0.0	0.0	17.0	4.0	0.0	0.0	0.0	0.0	4.0	4.0
ZNF248	4.0	0.0	0.0	0.0	4.0	0.0	0.0	0.0	0.0	0.0	8.0	4.0	0.0	0.0	0.0	0.0	0.0	0.0	4.0	4.0
ZNF25	0.0	0.0	0.0	4.0	17.0	0.0	21.0	13.0	0.0	0.0	0.0	0.0	26.0	0.0	8.0	0.0	8.0	0.0	4.0	0.0
ZNF252P	13.0	0.0	0.0	4.0	4.0	4.0	8.0	8.0	4.0	17.0	4.0	0.0	0.0	0.0	0.0	17.0	4.0	4.0	4.0	0.0
ZNF275	0.0	0.0	0.0	0.0	0.0	4.0	0.0	0.0	4.0	0.0	0.0	0.0	4.0	0.0	4.0	4.0	0.0	4.0	0.0	0.0
ZNF280C	4.0	0.0	8.0	8.0	0.0	0.0	0.0	0.0	0.0	0.0	4.0	4.0	0.0	0.0	8.0	0.0	0.0	0.0	0.0	0.0
ZNF280D	4.0	0.0	0.0	0.0	4.0	4.0	21.0	4.0	0.0	13.0	8.0	0.0	4.0	0.0	8.0	0.0	0.0	0.0	0.0	4.0
ZNF304	4.0	0.0	0.0	17.0	4.0	0.0	0.0	0.0	0.0	0.0	0.0	4.0	4.0	8.0	4.0	0.0	13.0	0.0	0.0	0.0
ZNF317	0.0	0.0	21.0	0.0	0.0	0.0	4.0	0.0	0.0	8.0	4.0	4.0	26.0	4.0	0.0	0.0	0.0	0.0	13.0	0.0
ZNF33B	0.0	0.0	0.0	0.0	4.0	0.0	0.0	0.0	0.0	4.0	0.0	0.0	4.0	0.0	0.0	0.0	13.0	0.0	4.0	0.0
ZNF354C	0.0	0.0	8.0	0.0	0.0	4.0	0.0	0.0	4.0	0.0	0.0	4.0	0.0	0.0	0.0	0.0	0.0	4.0	0.0	4.0
ZNF407	0.0	0.0	0.0	21.0	0.0	4.0	4.0	0.0	0.0	0.0	0.0	0.0	4.0	13.0	13.0	0.0	0.0	17.0	0.0	4.0
ZNF41	0.0	0.0	8.0	8.0	0.0	13.0	0.0	8.0	0.0	0.0	0.0	0.0	4.0	4.0	0.0	8.0	0.0	0.0	13.0	0.0
ZNF436	0.0	0.0	8.0	8.0	0.0	0.0	0.0	0.0	0.0	0.0	0.0	0.0	0.0	0.0	4.0	0.0	0.0	0.0	0.0	4.0
ZNF445	0.0	0.0	0.0	0.0	4.0	0.0	21.0	0.0	0.0	0.0	0.0	0.0	17.0	0.0	0.0	0.0	0.0	4.0	4.0	0.0
ZNF45	0.0	0.0	21.0	0.0	0.0	4.0	4.0	0.0	4.0	0.0	4.0	0.0	0.0	0.0	0.0	0.0	0.0	0.0	0.0	4.0
ZNF470	0.0	4.0	0.0	8.0	4.0	0.0	0.0	4.0	0.0	0.0	8.0	0.0	4.0	4.0	0.0	4.0	4.0	0.0	0.0	0.0
ZNF480	0.0	0.0	0.0	4.0	4.0	4.0	0.0	0.0	0.0	0.0	0.0	0.0	0.0	0.0	0.0	4.0	0.0	4.0	0.0	0.0
ZNF512B	4.0	0.0	4.0	8.0	8.0	0.0	8.0	0.0	0.0	0.0	4.0	0.0	0.0	0.0	0.0	0.0	0.0	0.0	0.0	4.0
ZNF516	0.0	4.0	8.0	4.0	8.0	0.0	13.0	17.0	8.0	0.0	0.0	0.0	21.0	0.0	8.0	0.0	8.0	0.0	0.0	0.0
ZNF521	0.0	4.0	4.0	8.0	8.0	4.0	4.0	0.0	0.0	4.0	4.0	0.0	17.0	8.0	4.0	0.0	0.0	0.0	4.0	0.0
ZNF526	8.0	4.0	0.0	0.0	4.0	0.0	0.0	0.0	0.0	0.0	0.0	0.0	4.0	0.0	17.0	0.0	0.0	4.0	13.0	4.0
ZNF549	0.0	0.0	4.0	8.0	17.0	8.0	4.0	0.0	0.0	4.0	0.0	0.0	0.0	4.0	13.0	0.0	0.0	8.0	13.0	0.0
ZNF592	0.0	8.0	0.0	4.0	4.0	4.0	4.0	0.0	4.0	4.0	4.0	0.0	4.0	4.0	8.0	0.0	0.0	0.0	30.0	0.0
ZNF614	0.0	4.0	0.0	0.0	13.0	4.0	0.0	8.0	0.0	0.0	4.0	4.0	0.0	4.0	0.0	0.0	4.0	0.0	17.0	0.0
ZNF646	4.0	0.0	0.0	4.0	8.0	0.0	0.0	0.0	8.0	0.0	0.0	4.0	0.0	4.0	0.0	0.0	4.0	0.0	0.0	0.0
ZNF652	4.0	0.0	8.0	8.0	4.0	0.0	4.0	0.0	0.0	0.0	0.0	0.0	4.0	0.0	4.0	0.0	4.0	0.0	0.0	8.0
ZNF654	0.0	4.0	0.0	4.0	8.0	8.0	0.0	0.0	0.0	0.0	0.0	0.0	0.0	4.0	4.0	0.0	0.0	0.0	0.0	0.0
ZNF687	0.0	0.0	8.0	0.0	0.0	4.0	8.0	0.0	0.0	0.0	13.0	0.0	8.0	4.0	4.0	0.0	8.0	0.0	0.0	0.0
ZNF697	17.0	17.0	0.0	26.0	0.0	8.0	8.0	13.0	8.0	8.0	0.0	4.0	0.0	8.0	0.0	0.0	0.0	8.0	4.0	0.0
ZNF71	0.0	0.0	0.0	4.0	4.0	0.0	0.0	0.0	0.0	4.0	0.0	0.0	0.0	0.0	0.0	0.0	0.0	0.0	0.0	0.0
ZNF776	0.0	0.0	0.0	0.0	4.0	0.0	4.0	0.0	0.0	4.0	0.0	0.0	0.0	8.0	0.0	0.0	4.0	0.0	4.0	8.0
ZNF783	0.0	0.0	8.0	0.0	4.0	8.0	0.0	0.0	0.0	0.0	0.0	4.0	0.0	0.0	0.0	0.0	0.0	0.0	4.0	4.0
ZNF813	4.0	0.0	8.0	0.0	0.0	0.0	0.0	0.0	0.0	4.0	13.0	0.0	4.0	0.0	4.0	0.0	4.0	0.0	0.0	0.0
ZNFX1	0.0	8.0	13.0	8.0	17.0	26.0	0.0	4.0	0.0	17.0	4.0	13.0	13.0	0.0	13.0	0.0	17.0	0.0	0.0	0.0
ZSCAN20	0.0	13.0	4.0	8.0	21.0	4.0	0.0	0.0	4.0	0.0	0.0	0.0	0.0	4.0	4.0	0.0	0.0	0.0	4.0	0.0
ZSCAN22	8.0	4.0	8.0	0.0	0.0	4.0	4.0	4.0	0.0	0.0	0.0	13.0	0.0	4.0	0.0	0.0	4.0	0.0	4.0	4.0
ZSCAN29	0.0	0.0	0.0	13.0	0.0	0.0	0.0	8.0	8.0	0.0	4.0	0.0	17.0	0.0	4.0	0.0	0.0	0.0	8.0	4.0
ZSCAN30	0.0	0.0	0.0	0.0	0.0	0.0	17.0	0.0	8.0	4.0	0.0	0.0	26.0	0.0	0.0	0.0	0.0	0.0	4.0	0.0
ZSWIM6	4.0	8.0	8.0	0.0	30.0	13.0	13.0	13.0	4.0	4.0	0.0	0.0	4.0	8.0	0.0	0.0	0.0	0.0	0.0	0.0
ZZEF1	13.0	13.0	4.0	4.0	0.0	13.0	0.0	8.0	0.0	4.0	0.0	0.0	0.0	4.0	0.0	8.0	0.0	0.0	26.0	4.0
