feat	0	1	2	3	4	5	6	7	8	9	10	11	12	13	14	15	16	17	18	19	20	21	22	23	24	25	26	27	28	29	30	31	32	33	34	35	36	37	38	39	40	41	42	43	44	45	46	47	48	49	50	51	52	53	54	55	56	57	58	59	60	61	62	63	64	65	66	67	68	69	70	71	72	73	74	75	76	77	78	79	80	81	82	83	84	85	86	87	88	89	90	91	92	93	94	95	96	97	98	99	100
ABCA2	0.0	0.0	0.0	0.0	3.0	16.5	0.0	0.0	0.0	3.0	0.0	0.0	6.0	3.0	0.0	0.0	0.0	3.0	24.0	6.0	0.0	0.0	6.0	0.0	0.0	0.0	0.0	0.0	3.0	3.0	3.0	3.0	0.0	0.0	0.0	6.0	0.0	3.0	10.5	3.0	0.0	0.0	0.0	3.0	0.0	0.0	0.0	6.0	3.0	3.0	0.0	0.0	3.0	3.0	0.0	6.0	0.0	0.0	0.0	10.5	3.0	0.0	3.0	3.0	3.0	0.0	13.5	0.0	3.0	0.0	10.5	0.0	0.0	10.5	0.0	0.0	0.0	3.0	10.5	6.0	0.0	0.0	0.0	0.0	0.0	3.0	0.0	10.5	0.0	3.0	10.5	10.5	13.5	3.0	0.0	16.5	3.0	0.0	0.0	3.0	6.0
AFAP1	3.0	7.5	0.0	3.0	40.5	0.0	7.5	31.5	12.0	0.0	3.0	0.0	36.0	3.0	7.5	0.0	24.0	3.0	12.0	0.0	7.5	43.5	3.0	0.0	0.0	43.5	0.0	15.0	0.0	0.0	31.5	3.0	0.0	0.0	12.0	12.0	3.0	0.0	15.0	7.5	3.0	0.0	3.0	3.0	0.0	7.5	12.0	3.0	0.0	0.0	7.5	3.0	12.0	12.0	7.5	3.0	52.5	0.0	7.5	12.0	24.0	0.0	0.0	0.0	12.0	0.0	0.0	31.5	3.0	3.0	12.0	19.5	36.0	15.0	64.5	0.0	7.5	0.0	43.5	7.5	12.0	3.0	3.0	0.0	7.5	15.0	12.0	7.5	0.0	12.0	19.5	12.0	0.0	15.0	0.0	0.0	0.0	0.0	0.0	0.0	0.0
AFF4	13.5	18.0	25.5	6.0	10.5	18.0	0.0	36.0	18.0	40.5	3.0	33.0	13.5	21.0	0.0	13.5	25.5	6.0	0.0	0.0	0.0	10.5	10.5	3.0	0.0	13.5	10.5	43.5	13.5	10.5	6.0	21.0	3.0	0.0	25.5	18.0	0.0	13.5	18.0	18.0	25.5	21.0	10.5	10.5	25.5	13.5	3.0	28.5	3.0	51.0	18.0	0.0	21.0	46.5	10.5	33.0	76.5	3.0	13.5	21.0	36.0	0.0	10.5	25.5	28.5	13.5	0.0	33.0	6.0	21.0	33.0	28.5	61.5	28.5	46.5	0.0	25.5	18.0	40.5	18.0	18.0	18.0	58.5	28.5	10.5	0.0	25.5	3.0	0.0	28.5	6.0	6.0	33.0	21.0	0.0	21.0	46.5	10.5	18.0	40.5	3.0
AGPS	0.0	0.0	0.0	0.0	0.0	0.0	0.0	0.0	0.0	0.0	0.0	0.0	0.0	0.0	0.0	0.0	0.0	0.0	0.0	0.0	0.0	9.0	0.0	0.0	0.0	0.0	0.0	0.0	0.0	0.0	0.0	0.0	0.0	0.0	22.5	0.0	0.0	0.0	0.0	0.0	0.0	4.5	0.0	0.0	0.0	0.0	0.0	0.0	0.0	0.0	0.0	0.0	0.0	22.5	0.0	0.0	0.0	0.0	0.0	0.0	4.5	0.0	0.0	0.0	18.0	0.0	0.0	0.0	0.0	0.0	0.0	0.0	0.0	9.0	0.0	0.0	0.0	4.5	0.0	0.0	0.0	0.0	0.0	0.0	0.0	0.0	0.0	0.0	0.0	0.0	0.0	4.5	0.0	0.0	4.5	0.0	0.0	0.0	0.0	0.0	0.0
AKAP11	0.0	0.0	9.0	0.0	0.0	0.0	0.0	9.0	0.0	0.0	0.0	0.0	0.0	0.0	0.0	0.0	0.0	0.0	0.0	0.0	0.0	0.0	0.0	0.0	0.0	0.0	0.0	0.0	0.0	0.0	0.0	0.0	0.0	0.0	0.0	9.0	0.0	0.0	0.0	0.0	0.0	0.0	0.0	0.0	0.0	0.0	0.0	0.0	0.0	0.0	0.0	0.0	0.0	4.5	4.5	9.0	4.5	0.0	0.0	0.0	0.0	0.0	0.0	0.0	0.0	0.0	9.0	0.0	0.0	0.0	0.0	4.5	0.0	0.0	0.0	0.0	4.5	0.0	4.5	0.0	0.0	0.0	0.0	0.0	0.0	0.0	4.5	0.0	0.0	0.0	0.0	0.0	0.0	0.0	0.0	0.0	0.0	9.0	0.0	0.0	0.0
ALMS1	0.0	3.0	0.0	3.0	0.0	0.0	0.0	0.0	0.0	0.0	0.0	0.0	3.0	3.0	6.0	0.0	10.5	0.0	0.0	0.0	0.0	3.0	0.0	0.0	0.0	0.0	0.0	3.0	0.0	0.0	0.0	0.0	0.0	0.0	13.5	6.0	0.0	0.0	3.0	0.0	0.0	10.5	3.0	0.0	0.0	0.0	0.0	0.0	0.0	0.0	0.0	0.0	16.5	3.0	10.5	27.0	0.0	0.0	0.0	0.0	6.0	0.0	0.0	0.0	13.5	0.0	0.0	0.0	0.0	0.0	0.0	0.0	3.0	0.0	10.5	0.0	0.0	0.0	13.5	0.0	0.0	0.0	6.0	0.0	0.0	0.0	10.5	0.0	0.0	0.0	0.0	0.0	6.0	0.0	6.0	6.0	0.0	3.0	0.0	0.0	13.5
ALPK2	36.0	18.0	3.0	6.0	25.5	6.0	0.0	78.0	43.5	28.5	3.0	48.0	18.0	6.0	0.0	3.0	36.0	0.0	0.0	0.0	0.0	48.0	0.0	0.0	0.0	43.5	0.0	58.5	25.5	21.0	10.5	10.5	25.5	0.0	13.5	10.5	3.0	10.5	48.0	25.5	6.0	85.5	58.5	6.0	43.5	33.0	28.5	21.0	6.0	25.5	0.0	3.0	18.0	6.0	0.0	6.0	18.0	0.0	13.5	51.0	33.0	0.0	6.0	0.0	66.0	21.0	6.0	3.0	3.0	6.0	13.5	43.5	48.0	28.5	0.0	25.5	40.5	10.5	51.0	3.0	6.0	18.0	33.0	0.0	0.0	3.0	28.5	6.0	3.0	0.0	55.5	6.0	18.0	100.5	10.5	6.0	13.5	70.5	13.5	33.0	0.0
AMOTL1	25.5	25.5	49.5	7.5	25.5	3.0	22.5	72.0	10.5	45.0	37.5	15.0	40.5	7.5	15.0	18.0	10.5	15.0	37.5	3.0	15.0	10.5	52.5	40.5	0.0	30.0	37.5	15.0	25.5	18.0	30.0	18.0	30.0	10.5	7.5	33.0	7.5	0.0	52.5	22.5	10.5	37.5	75.0	15.0	10.5	22.5	30.0	30.0	22.5	0.0	15.0	33.0	15.0	75.0	33.0	94.5	64.5	7.5	10.5	25.5	40.5	25.5	49.5	37.5	57.0	18.0	45.0	49.5	75.0	37.5	7.5	37.5	106.5	49.5	22.5	7.5	87.0	33.0	60.0	15.0	15.0	10.5	18.0	22.5	3.0	3.0	67.5	10.5	7.5	33.0	0.0	25.5	18.0	64.5	45.0	60.0	40.5	49.5	40.5	7.5	30.0
ANKRD52	0.0	10.5	3.0	7.5	0.0	0.0	3.0	0.0	19.5	0.0	0.0	3.0	10.5	3.0	0.0	0.0	3.0	3.0	0.0	0.0	0.0	19.5	10.5	0.0	0.0	0.0	0.0	31.5	3.0	7.5	15.0	7.5	0.0	0.0	3.0	19.5	0.0	10.5	0.0	7.5	0.0	7.5	3.0	22.5	43.5	15.0	10.5	15.0	0.0	3.0	0.0	15.0	10.5	19.5	7.5	0.0	43.5	0.0	7.5	27.0	10.5	0.0	27.0	0.0	10.5	0.0	0.0	0.0	0.0	10.5	3.0	3.0	10.5	7.5	7.5	3.0	10.5	3.0	0.0	0.0	10.5	0.0	3.0	0.0	0.0	0.0	3.0	15.0	7.5	31.5	3.0	0.0	15.0	19.5	0.0	31.5	10.5	0.0	3.0	3.0	3.0
ARL10	0.0	0.0	0.0	0.0	0.0	0.0	0.0	0.0	0.0	0.0	0.0	0.0	0.0	0.0	0.0	0.0	0.0	0.0	0.0	0.0	0.0	0.0	0.0	0.0	0.0	0.0	0.0	0.0	0.0	0.0	0.0	0.0	0.0	0.0	0.0	0.0	0.0	0.0	0.0	12.0	0.0	0.0	0.0	0.0	0.0	0.0	0.0	0.0	0.0	0.0	0.0	0.0	0.0	15.0	0.0	0.0	0.0	0.0	0.0	15.0	0.0	0.0	0.0	0.0	3.0	0.0	0.0	3.0	0.0	0.0	0.0	0.0	19.5	0.0	0.0	0.0	7.5	3.0	12.0	0.0	0.0	0.0	0.0	0.0	0.0	0.0	0.0	0.0	0.0	0.0	3.0	0.0	7.5	0.0	7.5	7.5	0.0	3.0	0.0	0.0	0.0
ASCC3	10.5	3.0	0.0	3.0	31.5	13.5	0.0	13.5	0.0	0.0	3.0	3.0	21.0	3.0	3.0	3.0	31.5	0.0	0.0	0.0	0.0	0.0	0.0	6.0	0.0	3.0	0.0	6.0	10.5	13.5	21.0	3.0	0.0	6.0	13.5	13.5	0.0	10.5	21.0	16.5	37.5	55.5	21.0	6.0	0.0	10.5	6.0	6.0	13.5	3.0	24.0	13.5	6.0	16.5	3.0	3.0	16.5	6.0	3.0	21.0	3.0	3.0	6.0	16.5	0.0	0.0	6.0	6.0	6.0	10.5	3.0	3.0	34.5	6.0	10.5	3.0	10.5	3.0	16.5	0.0	10.5	6.0	6.0	10.5	3.0	0.0	0.0	0.0	6.0	6.0	6.0	0.0	16.5	3.0	3.0	6.0	3.0	0.0	6.0	0.0	13.5
ATP11A	3.0	3.0	0.0	0.0	0.0	3.0	0.0	0.0	0.0	0.0	0.0	7.5	0.0	0.0	0.0	3.0	0.0	3.0	3.0	0.0	0.0	7.5	12.0	0.0	0.0	12.0	0.0	3.0	3.0	0.0	3.0	0.0	0.0	0.0	3.0	3.0	0.0	0.0	0.0	3.0	0.0	3.0	7.5	0.0	3.0	3.0	3.0	0.0	0.0	0.0	0.0	0.0	0.0	0.0	0.0	0.0	0.0	0.0	0.0	0.0	21.0	0.0	12.0	3.0	0.0	0.0	0.0	3.0	0.0	3.0	12.0	0.0	16.5	7.5	3.0	0.0	0.0	3.0	0.0	0.0	0.0	0.0	3.0	0.0	0.0	0.0	3.0	0.0	0.0	0.0	0.0	3.0	0.0	24.0	3.0	16.5	0.0	7.5	0.0	0.0	0.0
BRCA2	0.0	0.0	3.0	0.0	0.0	0.0	0.0	16.5	0.0	0.0	0.0	0.0	3.0	0.0	0.0	0.0	0.0	0.0	0.0	0.0	0.0	0.0	0.0	0.0	0.0	0.0	0.0	0.0	7.5	0.0	0.0	0.0	0.0	0.0	0.0	0.0	0.0	0.0	0.0	7.5	0.0	0.0	0.0	0.0	0.0	0.0	3.0	0.0	0.0	0.0	0.0	0.0	0.0	0.0	0.0	0.0	0.0	0.0	0.0	7.5	0.0	0.0	0.0	0.0	0.0	0.0	0.0	0.0	0.0	0.0	0.0	0.0	0.0	0.0	0.0	0.0	7.5	0.0	0.0	3.0	0.0	0.0	0.0	0.0	0.0	0.0	0.0	0.0	0.0	0.0	0.0	0.0	0.0	0.0	0.0	3.0	0.0	0.0	0.0	3.0	0.0
C14orf132	3.0	0.0	0.0	0.0	0.0	0.0	0.0	0.0	3.0	3.0	18.0	0.0	0.0	0.0	0.0	0.0	0.0	0.0	0.0	0.0	0.0	0.0	3.0	0.0	0.0	0.0	3.0	3.0	0.0	3.0	3.0	0.0	0.0	0.0	0.0	0.0	0.0	0.0	0.0	0.0	3.0	0.0	0.0	0.0	0.0	7.5	0.0	0.0	0.0	0.0	7.5	0.0	0.0	3.0	0.0	22.5	0.0	0.0	0.0	3.0	0.0	0.0	0.0	0.0	7.5	0.0	3.0	0.0	7.5	0.0	7.5	0.0	0.0	15.0	0.0	3.0	0.0	15.0	15.0	3.0	0.0	0.0	3.0	3.0	0.0	0.0	0.0	0.0	3.0	3.0	0.0	0.0	0.0	3.0	0.0	3.0	0.0	3.0	0.0	3.0	0.0
C17orf51	0.0	0.0	0.0	3.0	7.5	0.0	22.5	0.0	10.5	7.5	0.0	0.0	0.0	7.5	0.0	0.0	7.5	3.0	3.0	0.0	0.0	0.0	3.0	0.0	0.0	15.0	10.5	3.0	0.0	3.0	0.0	7.5	0.0	0.0	10.5	0.0	0.0	0.0	0.0	3.0	3.0	3.0	3.0	0.0	3.0	7.5	3.0	0.0	0.0	0.0	3.0	10.5	7.5	3.0	0.0	0.0	0.0	0.0	0.0	3.0	15.0	0.0	0.0	0.0	10.5	0.0	10.5	0.0	10.5	0.0	7.5	0.0	0.0	7.5	15.0	0.0	3.0	10.5	0.0	3.0	0.0	0.0	3.0	0.0	3.0	0.0	7.5	15.0	0.0	3.0	0.0	3.0	15.0	7.5	0.0	18.0	0.0	18.0	0.0	0.0	15.0
CACNA1A	7.5	19.5	24.0	0.0	0.0	7.5	0.0	0.0	0.0	0.0	0.0	0.0	3.0	7.5	0.0	0.0	0.0	0.0	3.0	0.0	0.0	0.0	3.0	0.0	0.0	0.0	7.5	24.0	0.0	12.0	0.0	0.0	3.0	0.0	3.0	0.0	0.0	0.0	0.0	0.0	45.0	3.0	16.5	0.0	0.0	24.0	0.0	3.0	0.0	3.0	3.0	0.0	3.0	0.0	0.0	3.0	0.0	0.0	12.0	12.0	0.0	0.0	0.0	3.0	0.0	0.0	0.0	0.0	0.0	0.0	0.0	0.0	16.5	3.0	0.0	3.0	0.0	0.0	7.5	0.0	0.0	0.0	19.5	0.0	0.0	0.0	0.0	0.0	0.0	0.0	0.0	3.0	0.0	0.0	0.0	3.0	12.0	7.5	0.0	0.0	0.0
CASC5	0.0	0.0	0.0	0.0	0.0	0.0	0.0	3.0	0.0	0.0	0.0	0.0	0.0	0.0	0.0	0.0	0.0	0.0	0.0	0.0	0.0	3.0	3.0	0.0	0.0	0.0	0.0	0.0	0.0	0.0	0.0	0.0	3.0	0.0	0.0	0.0	0.0	0.0	0.0	0.0	7.5	0.0	0.0	0.0	0.0	12.0	0.0	0.0	0.0	0.0	3.0	0.0	0.0	0.0	0.0	0.0	0.0	0.0	0.0	7.5	0.0	0.0	0.0	0.0	0.0	0.0	0.0	0.0	0.0	0.0	0.0	0.0	0.0	0.0	0.0	0.0	0.0	3.0	0.0	3.0	0.0	0.0	0.0	3.0	0.0	0.0	0.0	0.0	0.0	0.0	0.0	0.0	12.0	0.0	3.0	0.0	0.0	0.0	0.0	0.0	0.0
CBL	16.5	0.0	0.0	0.0	0.0	0.0	0.0	7.5	0.0	0.0	0.0	0.0	0.0	3.0	0.0	0.0	0.0	0.0	3.0	0.0	0.0	3.0	0.0	0.0	0.0	0.0	0.0	30.0	0.0	0.0	0.0	0.0	0.0	0.0	3.0	3.0	0.0	0.0	0.0	0.0	0.0	3.0	0.0	0.0	0.0	0.0	0.0	0.0	0.0	0.0	0.0	7.5	3.0	3.0	0.0	0.0	3.0	0.0	0.0	21.0	0.0	0.0	3.0	0.0	0.0	0.0	0.0	3.0	0.0	0.0	0.0	0.0	3.0	0.0	0.0	0.0	0.0	0.0	3.0	0.0	3.0	30.0	0.0	30.0	0.0	3.0	0.0	12.0	3.0	0.0	7.5	0.0	3.0	16.5	0.0	0.0	0.0	12.0	0.0	3.0	0.0
CBX5	0.0	0.0	0.0	0.0	0.0	0.0	6.0	3.0	3.0	0.0	3.0	3.0	0.0	0.0	0.0	0.0	0.0	0.0	3.0	0.0	0.0	0.0	3.0	0.0	3.0	0.0	0.0	18.0	3.0	0.0	3.0	0.0	0.0	0.0	0.0	0.0	0.0	3.0	0.0	3.0	0.0	3.0	3.0	0.0	0.0	3.0	0.0	0.0	0.0	0.0	0.0	0.0	3.0	0.0	0.0	0.0	6.0	0.0	0.0	3.0	0.0	0.0	0.0	0.0	3.0	0.0	3.0	6.0	9.0	0.0	0.0	0.0	9.0	0.0	0.0	9.0	3.0	0.0	6.0	0.0	3.0	3.0	0.0	0.0	0.0	6.0	0.0	3.0	3.0	0.0	0.0	0.0	3.0	6.0	0.0	3.0	3.0	3.0	0.0	0.0	0.0
CENPF	3.0	0.0	0.0	0.0	3.0	0.0	0.0	7.5	0.0	0.0	0.0	3.0	0.0	0.0	0.0	0.0	0.0	0.0	0.0	0.0	0.0	0.0	3.0	0.0	0.0	0.0	0.0	7.5	0.0	3.0	0.0	0.0	0.0	0.0	3.0	0.0	0.0	0.0	0.0	0.0	0.0	7.5	0.0	0.0	0.0	0.0	3.0	10.5	0.0	0.0	0.0	0.0	0.0	3.0	0.0	0.0	0.0	3.0	0.0	0.0	0.0	0.0	0.0	0.0	3.0	0.0	3.0	3.0	0.0	0.0	0.0	0.0	19.5	0.0	0.0	0.0	0.0	10.5	3.0	0.0	7.5	0.0	0.0	0.0	0.0	0.0	3.0	0.0	0.0	0.0	0.0	0.0	0.0	0.0	0.0	10.5	0.0	0.0	0.0	0.0	15.0
CEP250	0.0	0.0	7.5	0.0	0.0	0.0	0.0	7.5	3.0	3.0	3.0	0.0	24.0	0.0	0.0	3.0	3.0	3.0	7.5	0.0	12.0	3.0	3.0	0.0	0.0	0.0	3.0	3.0	0.0	7.5	0.0	12.0	0.0	0.0	7.5	7.5	7.5	7.5	0.0	7.5	0.0	12.0	0.0	3.0	0.0	3.0	0.0	0.0	15.0	3.0	7.5	0.0	3.0	3.0	24.0	0.0	0.0	0.0	3.0	7.5	7.5	0.0	0.0	7.5	3.0	0.0	0.0	0.0	0.0	3.0	12.0	0.0	28.5	0.0	0.0	0.0	36.0	0.0	3.0	0.0	0.0	3.0	0.0	0.0	0.0	0.0	19.5	0.0	7.5	3.0	24.0	3.0	0.0	0.0	0.0	0.0	12.0	12.0	0.0	0.0	7.5
CHD8	0.0	3.0	3.0	0.0	0.0	0.0	0.0	0.0	0.0	0.0	0.0	0.0	0.0	3.0	0.0	0.0	0.0	0.0	18.0	0.0	0.0	3.0	0.0	0.0	0.0	0.0	3.0	0.0	6.0	3.0	3.0	3.0	3.0	6.0	0.0	0.0	0.0	0.0	3.0	6.0	3.0	3.0	6.0	3.0	13.5	0.0	3.0	0.0	3.0	3.0	6.0	0.0	13.5	0.0	6.0	0.0	10.5	0.0	3.0	10.5	18.0	0.0	10.5	3.0	0.0	0.0	0.0	3.0	3.0	0.0	0.0	0.0	3.0	3.0	0.0	0.0	10.5	0.0	3.0	0.0	0.0	0.0	0.0	3.0	0.0	0.0	18.0	10.5	0.0	6.0	0.0	6.0	0.0	13.5	6.0	3.0	3.0	3.0	3.0	3.0	0.0
CKAP5	12.0	3.0	12.0	6.0	12.0	27.0	9.0	3.0	15.0	0.0	15.0	15.0	27.0	9.0	3.0	3.0	6.0	6.0	18.0	0.0	6.0	6.0	6.0	3.0	3.0	12.0	24.0	12.0	15.0	6.0	15.0	27.0	3.0	6.0	9.0	12.0	0.0	6.0	21.0	15.0	15.0	6.0	12.0	3.0	0.0	36.0	6.0	3.0	9.0	3.0	0.0	9.0	3.0	33.0	6.0	0.0	3.0	12.0	12.0	27.0	18.0	0.0	3.0	21.0	3.0	3.0	0.0	12.0	0.0	39.0	18.0	3.0	15.0	15.0	3.0	0.0	33.0	18.0	3.0	15.0	30.0	0.0	9.0	3.0	3.0	0.0	18.0	9.0	0.0	15.0	0.0	0.0	51.0	24.0	0.0	42.0	6.0	3.0	6.0	0.0	9.0
COL5A1	171.0	226.5	247.5	159.0	525.0	150.0	0.0	447.0	229.5	232.5	292.5	42.0	108.0	177.0	6.0	6.0	247.5	117.0	841.5	6.0	195.0	325.5	183.0	126.0	12.0	289.5	268.5	220.5	69.0	18.0	468.0	271.5	349.5	24.0	201.0	241.5	126.0	126.0	168.0	72.0	174.0	144.0	126.0	27.0	204.0	513.0	201.0	117.0	0.0	280.5	33.0	84.0	93.0	192.0	84.0	325.5	72.0	0.0	12.0	247.5	223.5	0.0	66.0	120.0	241.5	75.0	367.5	441.0	376.5	201.0	129.0	519.0	207.0	337.5	241.5	12.0	358.5	171.0	156.0	108.0	27.0	84.0	201.0	189.0	147.0	0.0	156.0	268.5	111.0	180.0	310.5	168.0	223.5	114.0	81.0	274.5	162.0	271.5	15.0	274.5	81.0
COL7A1	3.0	3.0	0.0	0.0	10.5	3.0	15.0	25.5	3.0	3.0	10.5	0.0	3.0	10.5	0.0	0.0	0.0	0.0	18.0	0.0	0.0	0.0	30.0	0.0	0.0	42.0	0.0	34.5	15.0	3.0	10.5	7.5	0.0	3.0	7.5	0.0	0.0	18.0	3.0	0.0	3.0	3.0	7.5	0.0	18.0	3.0	15.0	0.0	3.0	22.5	10.5	0.0	10.5	0.0	0.0	0.0	3.0	0.0	0.0	0.0	0.0	0.0	10.5	7.5	3.0	3.0	0.0	0.0	10.5	0.0	0.0	0.0	25.5	0.0	0.0	3.0	18.0	15.0	7.5	7.5	3.0	0.0	7.5	10.5	3.0	0.0	10.5	7.5	0.0	18.0	0.0	0.0	10.5	0.0	0.0	3.0	7.5	10.5	0.0	25.5	0.0
CREBBP	3.0	15.0	31.5	3.0	48.0	52.5	0.0	40.5	12.0	7.5	3.0	15.0	72.0	0.0	3.0	0.0	36.0	15.0	12.0	3.0	0.0	0.0	24.0	12.0	0.0	15.0	12.0	19.5	24.0	19.5	0.0	43.5	15.0	0.0	31.5	12.0	12.0	28.5	12.0	3.0	12.0	24.0	36.0	0.0	19.5	19.5	52.5	12.0	3.0	36.0	3.0	3.0	15.0	40.5	48.0	24.0	7.5	3.0	15.0	19.5	15.0	3.0	0.0	24.0	19.5	3.0	0.0	12.0	19.5	3.0	28.5	24.0	43.5	3.0	12.0	3.0	15.0	0.0	43.5	12.0	3.0	3.0	28.5	19.5	3.0	0.0	19.5	15.0	0.0	28.5	24.0	7.5	31.5	85.5	0.0	0.0	31.5	36.0	12.0	19.5	7.5
DIEXF	0.0	3.0	0.0	0.0	0.0	0.0	0.0	0.0	0.0	0.0	0.0	0.0	3.0	0.0	0.0	0.0	3.0	0.0	0.0	0.0	0.0	21.0	0.0	0.0	0.0	0.0	0.0	0.0	0.0	0.0	0.0	0.0	0.0	0.0	0.0	3.0	0.0	0.0	3.0	0.0	0.0	0.0	3.0	0.0	0.0	0.0	0.0	0.0	0.0	0.0	0.0	0.0	0.0	0.0	0.0	0.0	0.0	0.0	0.0	0.0	12.0	0.0	0.0	0.0	0.0	0.0	0.0	0.0	0.0	0.0	0.0	0.0	0.0	0.0	0.0	0.0	0.0	0.0	0.0	0.0	0.0	0.0	0.0	0.0	0.0	0.0	12.0	0.0	0.0	0.0	0.0	0.0	0.0	0.0	0.0	0.0	0.0	0.0	0.0	0.0	0.0
DIP2B	0.0	0.0	0.0	0.0	0.0	0.0	0.0	0.0	3.0	0.0	15.0	0.0	0.0	0.0	0.0	0.0	0.0	0.0	0.0	3.0	3.0	0.0	0.0	0.0	0.0	10.5	0.0	7.5	0.0	3.0	0.0	0.0	0.0	0.0	0.0	0.0	0.0	0.0	3.0	0.0	0.0	0.0	3.0	0.0	0.0	7.5	0.0	0.0	0.0	0.0	0.0	0.0	0.0	0.0	0.0	3.0	10.5	0.0	0.0	7.5	0.0	0.0	0.0	0.0	0.0	0.0	0.0	0.0	0.0	7.5	3.0	0.0	7.5	0.0	0.0	0.0	0.0	0.0	3.0	0.0	3.0	0.0	0.0	0.0	0.0	0.0	0.0	7.5	0.0	0.0	0.0	0.0	0.0	0.0	0.0	0.0	3.0	10.5	0.0	10.5	0.0
DIP2C	16.5	3.0	24.0	3.0	3.0	0.0	16.5	0.0	21.0	24.0	0.0	3.0	7.5	0.0	0.0	0.0	12.0	0.0	12.0	0.0	0.0	3.0	3.0	0.0	0.0	3.0	3.0	0.0	0.0	0.0	3.0	21.0	0.0	0.0	3.0	3.0	0.0	16.5	0.0	21.0	0.0	7.5	0.0	0.0	3.0	0.0	0.0	0.0	3.0	3.0	0.0	7.5	3.0	21.0	0.0	7.5	12.0	0.0	28.5	0.0	12.0	12.0	3.0	0.0	0.0	0.0	0.0	0.0	0.0	0.0	7.5	3.0	16.5	0.0	21.0	16.5	0.0	3.0	0.0	0.0	0.0	16.5	0.0	21.0	0.0	0.0	0.0	0.0	3.0	0.0	0.0	0.0	3.0	0.0	12.0	7.5	0.0	12.0	0.0	0.0	3.0
DNAJC13	7.5	30.0	18.0	3.0	3.0	37.5	10.5	30.0	15.0	7.5	7.5	18.0	10.5	40.5	7.5	0.0	3.0	3.0	0.0	0.0	7.5	7.5	3.0	10.5	3.0	37.5	18.0	18.0	10.5	7.5	15.0	15.0	7.5	0.0	33.0	22.5	7.5	7.5	10.5	18.0	7.5	18.0	40.5	0.0	25.5	0.0	7.5	10.5	0.0	22.5	7.5	3.0	10.5	15.0	3.0	3.0	0.0	15.0	7.5	57.0	3.0	7.5	0.0	3.0	3.0	10.5	30.0	0.0	0.0	10.5	18.0	7.5	30.0	15.0	7.5	3.0	25.5	0.0	10.5	0.0	0.0	22.5	10.5	3.0	0.0	7.5	15.0	30.0	0.0	33.0	0.0	18.0	10.5	10.5	0.0	18.0	0.0	15.0	7.5	0.0	40.5
DOCK7	0.0	0.0	3.0	0.0	3.0	12.0	0.0	7.5	12.0	3.0	0.0	7.5	12.0	3.0	0.0	3.0	0.0	3.0	0.0	0.0	3.0	0.0	0.0	7.5	0.0	3.0	0.0	0.0	0.0	0.0	0.0	0.0	12.0	0.0	3.0	12.0	0.0	12.0	24.0	0.0	3.0	19.5	0.0	12.0	0.0	0.0	3.0	3.0	0.0	12.0	0.0	0.0	0.0	0.0	3.0	0.0	0.0	0.0	0.0	12.0	0.0	12.0	3.0	0.0	7.5	0.0	0.0	7.5	3.0	0.0	0.0	3.0	15.0	3.0	7.5	0.0	3.0	0.0	0.0	0.0	0.0	0.0	0.0	7.5	3.0	0.0	12.0	0.0	0.0	3.0	0.0	0.0	0.0	0.0	0.0	15.0	0.0	0.0	0.0	0.0	0.0
DOPEY1	0.0	0.0	0.0	0.0	0.0	0.0	0.0	0.0	0.0	0.0	0.0	0.0	0.0	7.5	0.0	0.0	0.0	0.0	0.0	0.0	0.0	0.0	0.0	0.0	0.0	7.5	3.0	0.0	0.0	0.0	0.0	0.0	0.0	0.0	3.0	0.0	0.0	0.0	0.0	0.0	0.0	7.5	0.0	0.0	0.0	3.0	0.0	0.0	0.0	0.0	0.0	0.0	0.0	0.0	0.0	0.0	0.0	0.0	0.0	0.0	0.0	0.0	0.0	0.0	0.0	0.0	3.0	12.0	0.0	0.0	0.0	0.0	0.0	0.0	3.0	0.0	0.0	0.0	0.0	0.0	0.0	0.0	0.0	0.0	0.0	0.0	7.5	0.0	0.0	0.0	0.0	0.0	0.0	7.5	0.0	3.0	0.0	0.0	0.0	0.0	0.0
DSEL	0.0	18.0	0.0	0.0	0.0	0.0	0.0	10.5	0.0	10.5	0.0	3.0	0.0	0.0	0.0	6.0	0.0	0.0	0.0	0.0	0.0	0.0	3.0	3.0	0.0	3.0	0.0	0.0	0.0	3.0	0.0	0.0	3.0	0.0	0.0	10.5	0.0	0.0	3.0	0.0	3.0	3.0	0.0	0.0	0.0	3.0	3.0	0.0	0.0	0.0	3.0	0.0	3.0	6.0	3.0	3.0	6.0	0.0	3.0	0.0	10.5	0.0	0.0	10.5	28.5	0.0	0.0	6.0	13.5	0.0	0.0	0.0	18.0	3.0	33.0	0.0	0.0	0.0	3.0	0.0	10.5	0.0	6.0	33.0	0.0	0.0	36.0	3.0	0.0	0.0	0.0	0.0	0.0	0.0	0.0	3.0	0.0	6.0	0.0	0.0	0.0
DYNC1H1	169.5	99.0	99.0	55.5	51.0	174.0	193.5	51.0	90.0	58.5	126.0	90.0	63.0	67.5	43.5	10.5	135.0	22.5	145.5	7.5	39.0	78.0	43.5	31.5	7.5	63.0	63.0	154.5	70.5	94.5	102.0	154.5	118.5	15.0	22.5	157.5	27.0	70.5	67.5	75.0	43.5	67.5	234.0	27.0	67.5	99.0	39.0	111.0	75.0	142.5	75.0	58.5	78.0	138.0	58.5	55.5	142.5	34.5	39.0	186.0	58.5	19.5	70.5	87.0	55.5	55.5	111.0	75.0	70.5	46.5	87.0	123.0	75.0	90.0	46.5	27.0	126.0	78.0	102.0	31.5	63.0	78.0	31.5	87.0	34.5	19.5	19.5	67.5	78.0	43.5	15.0	58.5	94.5	27.0	55.5	118.5	150.0	46.5	58.5	55.5	27.0
EGFR	0.0	0.0	0.0	0.0	0.0	12.0	0.0	25.5	0.0	0.0	0.0	0.0	0.0	0.0	0.0	0.0	0.0	0.0	0.0	0.0	0.0	0.0	3.0	0.0	0.0	3.0	0.0	3.0	0.0	0.0	3.0	0.0	0.0	0.0	0.0	0.0	0.0	0.0	0.0	0.0	0.0	3.0	0.0	0.0	0.0	3.0	0.0	0.0	0.0	0.0	0.0	0.0	0.0	0.0	0.0	0.0	0.0	0.0	0.0	0.0	0.0	0.0	0.0	0.0	0.0	3.0	0.0	0.0	0.0	0.0	0.0	3.0	3.0	3.0	0.0	0.0	0.0	0.0	0.0	0.0	0.0	0.0	0.0	0.0	0.0	0.0	0.0	0.0	0.0	0.0	0.0	0.0	12.0	0.0	3.0	0.0	0.0	0.0	0.0	0.0	0.0
FAM208B	6.0	0.0	18.0	3.0	0.0	6.0	0.0	3.0	13.5	18.0	6.0	0.0	0.0	6.0	3.0	0.0	6.0	0.0	10.5	0.0	3.0	10.5	21.0	0.0	0.0	0.0	3.0	21.0	6.0	25.5	6.0	6.0	0.0	0.0	3.0	0.0	3.0	0.0	21.0	0.0	3.0	0.0	3.0	10.5	6.0	3.0	0.0	6.0	6.0	0.0	0.0	18.0	0.0	10.5	6.0	0.0	3.0	0.0	3.0	3.0	21.0	0.0	0.0	0.0	3.0	13.5	0.0	0.0	3.0	28.5	0.0	13.5	6.0	21.0	3.0	3.0	10.5	0.0	0.0	3.0	0.0	0.0	3.0	13.5	10.5	0.0	18.0	10.5	0.0	3.0	25.5	0.0	0.0	0.0	0.0	28.5	0.0	10.5	0.0	0.0	3.0
FASN	0.0	0.0	0.0	7.5	3.0	19.5	0.0	28.5	15.0	0.0	3.0	0.0	0.0	0.0	0.0	0.0	0.0	12.0	3.0	0.0	3.0	7.5	7.5	0.0	0.0	7.5	0.0	15.0	0.0	12.0	0.0	0.0	0.0	0.0	3.0	7.5	7.5	0.0	3.0	3.0	0.0	3.0	7.5	0.0	0.0	0.0	31.5	0.0	12.0	0.0	0.0	0.0	0.0	7.5	0.0	0.0	3.0	0.0	3.0	7.5	0.0	0.0	0.0	0.0	0.0	0.0	0.0	12.0	0.0	0.0	0.0	0.0	3.0	0.0	0.0	0.0	0.0	3.0	3.0	0.0	0.0	19.5	0.0	0.0	0.0	0.0	19.5	3.0	0.0	0.0	3.0	7.5	12.0	0.0	0.0	0.0	3.0	0.0	3.0	7.5	0.0
FBN1	67.5	126.0	201.0	126.0	123.0	490.5	19.5	220.5	64.5	178.5	103.5	67.5	217.5	217.5	3.0	9.0	90.0	12.0	282.0	0.0	39.0	195.0	126.0	39.0	9.0	67.5	151.5	19.5	70.5	276.0	87.0	457.5	223.5	12.0	97.5	253.5	123.0	28.5	136.5	51.0	237.0	54.0	81.0	0.0	61.5	190.5	73.5	87.0	3.0	279.0	129.0	48.0	112.5	243.0	42.0	229.5	84.0	9.0	19.5	145.5	117.0	9.0	100.5	15.0	123.0	15.0	31.5	148.5	67.5	64.5	103.5	198.0	187.5	0.0	93.0	15.0	190.5	142.5	142.5	51.0	42.0	39.0	201.0	54.0	34.5	6.0	117.0	246.0	12.0	175.5	132.0	184.5	156.0	31.5	84.0	198.0	6.0	184.5	3.0	159.0	31.5
FBN2	93.0	63.0	192.0	121.5	214.5	256.5	9.0	309.0	166.5	304.5	304.5	105.0	411.0	169.5	45.0	3.0	67.5	22.5	208.5	3.0	28.5	285.0	289.5	169.5	25.5	130.5	214.5	285.0	135.0	433.5	354.0	172.5	138.0	6.0	76.5	349.5	579.0	408.0	76.5	228.0	130.5	124.5	154.5	70.5	79.5	289.5	12.0	309.0	22.5	411.0	154.5	28.5	141.0	363.0	3.0	34.5	312.0	9.0	70.5	82.5	469.5	0.0	31.5	0.0	12.0	40.5	124.5	12.0	121.5	76.5	34.5	57.0	282.0	273.0	147.0	48.0	904.5	141.0	582.0	70.5	28.5	0.0	240.0	96.0	22.5	3.0	279.0	376.5	15.0	90.0	40.5	225.0	195.0	48.0	37.5	456.0	90.0	247.5	18.0	57.0	12.0
FLNA	387.0	484.5	475.5	142.5	223.5	343.5	57.0	94.5	211.5	195.0	544.5	433.5	195.0	487.5	31.5	57.0	726.0	504.0	139.5	7.5	63.0	337.5	186.0	111.0	54.0	186.0	261.0	642.0	148.5	642.0	280.5	192.0	243.0	91.5	229.5	433.5	142.5	657.0	163.5	186.0	154.5	315.0	735.0	352.5	223.5	468.0	133.5	433.5	283.5	393.0	157.5	63.0	171.0	274.5	189.0	295.5	157.5	114.0	261.0	1762.5	531.0	39.0	117.0	168.0	132.0	76.5	258.0	166.5	139.5	177.0	292.5	499.5	582.0	237.0	268.5	192.0	337.5	694.5	205.5	318.0	139.5	409.5	271.5	327.0	25.5	133.5	189.0	274.5	117.0	252.0	66.0	145.5	399.0	456.0	226.5	327.0	601.5	232.5	132.0	930.0	594.0
FLNB	15.0	3.0	34.5	0.0	0.0	7.5	0.0	18.0	10.5	7.5	0.0	3.0	0.0	7.5	0.0	0.0	57.0	7.5	15.0	0.0	0.0	7.5	7.5	3.0	0.0	3.0	7.5	7.5	37.5	10.5	0.0	0.0	7.5	0.0	3.0	18.0	3.0	3.0	0.0	3.0	3.0	37.5	15.0	7.5	0.0	0.0	15.0	25.5	0.0	7.5	7.5	7.5	0.0	10.5	18.0	15.0	7.5	7.5	18.0	0.0	7.5	3.0	0.0	18.0	3.0	7.5	3.0	10.5	7.5	7.5	10.5	3.0	18.0	18.0	0.0	0.0	49.5	7.5	7.5	30.0	3.0	10.5	0.0	3.0	0.0	0.0	22.5	3.0	0.0	15.0	3.0	3.0	37.5	10.5	37.5	18.0	3.0	34.5	0.0	49.5	22.5
FLNC	21.0	0.0	52.5	9.0	34.5	72.0	3.0	3.0	34.5	9.0	129.0	63.0	46.5	21.0	31.5	15.0	49.5	49.5	27.0	12.0	3.0	9.0	18.0	6.0	9.0	18.0	0.0	15.0	12.0	55.5	6.0	66.0	100.5	0.0	6.0	15.0	43.5	37.5	90.0	49.5	0.0	3.0	12.0	27.0	49.5	12.0	27.0	43.5	15.0	31.5	0.0	27.0	12.0	63.0	12.0	63.0	43.5	0.0	12.0	81.0	78.0	3.0	15.0	37.5	27.0	6.0	3.0	12.0	18.0	40.5	78.0	52.5	207.0	9.0	9.0	0.0	21.0	31.5	43.5	12.0	31.5	0.0	12.0	6.0	9.0	6.0	24.0	81.0	15.0	12.0	18.0	0.0	63.0	66.0	27.0	75.0	18.0	15.0	21.0	69.0	37.5
FOSB	0.0	0.0	0.0	0.0	0.0	3.0	9.0	0.0	0.0	0.0	0.0	0.0	9.0	3.0	0.0	6.0	15.0	0.0	3.0	0.0	0.0	3.0	9.0	0.0	0.0	0.0	12.0	0.0	0.0	0.0	3.0	3.0	0.0	0.0	0.0	0.0	3.0	0.0	9.0	0.0	0.0	0.0	0.0	0.0	0.0	0.0	0.0	6.0	0.0	0.0	0.0	0.0	9.0	3.0	0.0	3.0	3.0	0.0	0.0	12.0	0.0	0.0	3.0	6.0	0.0	0.0	0.0	6.0	0.0	0.0	0.0	0.0	0.0	0.0	3.0	0.0	6.0	3.0	3.0	0.0	0.0	0.0	0.0	0.0	3.0	0.0	9.0	3.0	0.0	3.0	0.0	6.0	0.0	3.0	0.0	0.0	3.0	0.0	0.0	0.0	0.0
FRY	18.0	0.0	9.0	0.0	0.0	0.0	9.0	13.5	0.0	0.0	4.5	0.0	0.0	0.0	0.0	4.5	0.0	13.5	4.5	0.0	0.0	0.0	13.5	0.0	0.0	4.5	4.5	0.0	0.0	4.5	0.0	0.0	0.0	0.0	0.0	9.0	0.0	0.0	0.0	0.0	0.0	4.5	0.0	0.0	9.0	0.0	0.0	0.0	0.0	0.0	0.0	0.0	0.0	0.0	4.5	0.0	0.0	0.0	4.5	4.5	22.5	0.0	0.0	9.0	0.0	0.0	0.0	0.0	9.0	4.5	0.0	0.0	9.0	13.5	4.5	0.0	0.0	0.0	0.0	0.0	0.0	0.0	0.0	0.0	0.0	4.5	27.0	4.5	0.0	0.0	0.0	0.0	4.5	13.5	0.0	0.0	0.0	0.0	0.0	18.0	0.0
FYCO1	0.0	21.0	42.0	6.0	3.0	13.5	6.0	0.0	6.0	10.5	6.0	0.0	0.0	3.0	16.5	0.0	0.0	0.0	0.0	0.0	0.0	13.5	3.0	0.0	0.0	0.0	27.0	6.0	16.5	10.5	16.5	0.0	0.0	21.0	0.0	6.0	16.5	0.0	6.0	3.0	0.0	0.0	6.0	10.5	3.0	0.0	6.0	0.0	6.0	6.0	3.0	0.0	6.0	0.0	3.0	0.0	0.0	6.0	3.0	24.0	3.0	3.0	3.0	0.0	21.0	0.0	3.0	0.0	13.5	0.0	13.5	3.0	6.0	0.0	3.0	10.5	0.0	3.0	6.0	0.0	0.0	0.0	27.0	0.0	6.0	3.0	0.0	0.0	6.0	16.5	3.0	0.0	6.0	0.0	10.5	21.0	31.5	10.5	6.0	10.5	10.5
FZD4	3.0	3.0	3.0	0.0	10.5	0.0	0.0	7.5	0.0	0.0	7.5	0.0	0.0	0.0	0.0	0.0	10.5	0.0	15.0	0.0	0.0	0.0	0.0	0.0	0.0	3.0	0.0	0.0	0.0	0.0	10.5	0.0	0.0	0.0	7.5	0.0	0.0	0.0	7.5	10.5	0.0	0.0	0.0	0.0	27.0	3.0	0.0	10.5	0.0	0.0	0.0	0.0	0.0	10.5	3.0	0.0	0.0	0.0	0.0	10.5	0.0	0.0	0.0	0.0	0.0	0.0	3.0	0.0	0.0	3.0	3.0	0.0	0.0	0.0	0.0	0.0	0.0	3.0	0.0	0.0	0.0	0.0	15.0	0.0	0.0	0.0	3.0	0.0	0.0	0.0	3.0	0.0	15.0	0.0	0.0	3.0	0.0	0.0	0.0	0.0	0.0
GPR107	6.0	3.0	18.0	3.0	3.0	25.5	28.5	9.0	15.0	34.5	18.0	6.0	3.0	12.0	0.0	3.0	51.0	6.0	12.0	0.0	12.0	9.0	25.5	15.0	9.0	3.0	34.5	15.0	0.0	6.0	3.0	12.0	3.0	0.0	18.0	3.0	15.0	9.0	12.0	25.5	28.5	18.0	12.0	9.0	0.0	0.0	6.0	15.0	3.0	6.0	9.0	15.0	15.0	28.5	0.0	18.0	12.0	0.0	6.0	76.5	3.0	3.0	9.0	15.0	0.0	12.0	34.5	15.0	18.0	3.0	6.0	3.0	12.0	57.0	0.0	3.0	9.0	9.0	3.0	6.0	6.0	0.0	45.0	15.0	15.0	9.0	28.5	22.5	0.0	31.5	3.0	6.0	6.0	28.5	3.0	9.0	9.0	51.0	3.0	12.0	40.5
GTF3C1	31.5	6.0	13.5	21.0	24.0	21.0	0.0	36.0	28.5	21.0	21.0	6.0	43.5	24.0	13.5	3.0	13.5	3.0	24.0	0.0	0.0	13.5	13.5	10.5	0.0	28.5	36.0	18.0	13.5	10.5	3.0	13.5	0.0	0.0	21.0	18.0	6.0	0.0	24.0	24.0	13.5	24.0	10.5	21.0	10.5	24.0	13.5	6.0	3.0	3.0	10.5	24.0	3.0	3.0	43.5	13.5	3.0	0.0	3.0	39.0	6.0	0.0	31.5	6.0	3.0	3.0	0.0	39.0	6.0	3.0	13.5	6.0	31.5	13.5	6.0	0.0	0.0	24.0	21.0	0.0	0.0	18.0	3.0	6.0	21.0	3.0	13.5	18.0	0.0	3.0	18.0	6.0	3.0	13.5	3.0	21.0	28.5	13.5	0.0	3.0	31.5
GTF3C4	0.0	0.0	0.0	0.0	3.0	0.0	0.0	0.0	0.0	0.0	0.0	0.0	0.0	0.0	0.0	0.0	0.0	0.0	0.0	0.0	0.0	3.0	3.0	0.0	0.0	0.0	3.0	0.0	0.0	16.5	0.0	0.0	0.0	0.0	0.0	0.0	0.0	0.0	0.0	0.0	0.0	0.0	0.0	0.0	0.0	0.0	0.0	0.0	0.0	12.0	0.0	0.0	0.0	0.0	0.0	0.0	0.0	0.0	0.0	0.0	0.0	0.0	12.0	0.0	0.0	0.0	0.0	0.0	0.0	0.0	3.0	7.5	0.0	0.0	0.0	0.0	3.0	3.0	0.0	0.0	0.0	0.0	16.5	0.0	0.0	0.0	0.0	3.0	0.0	0.0	0.0	0.0	3.0	0.0	0.0	0.0	0.0	0.0	0.0	0.0	0.0
H6PD	28.5	0.0	3.0	16.5	12.0	45.0	0.0	12.0	16.5	40.5	12.0	24.0	33.0	28.5	0.0	7.5	28.5	24.0	45.0	0.0	19.5	28.5	57.0	24.0	0.0	45.0	7.5	12.0	28.5	16.5	12.0	16.5	19.5	0.0	24.0	3.0	7.5	45.0	24.0	7.5	12.0	16.5	49.5	7.5	3.0	7.5	40.5	28.5	3.0	7.5	16.5	7.5	24.0	33.0	12.0	7.5	12.0	0.0	7.5	36.0	24.0	0.0	57.0	0.0	7.5	0.0	7.5	33.0	36.0	0.0	28.5	7.5	57.0	7.5	7.5	0.0	3.0	7.5	28.5	19.5	12.0	12.0	61.5	24.0	7.5	0.0	7.5	45.0	12.0	0.0	7.5	28.5	0.0	7.5	45.0	24.0	19.5	24.0	3.0	0.0	16.5
HEATR5B	0.0	0.0	0.0	0.0	0.0	0.0	0.0	0.0	3.0	0.0	3.0	0.0	0.0	0.0	0.0	0.0	3.0	0.0	0.0	0.0	0.0	0.0	0.0	0.0	0.0	0.0	0.0	0.0	0.0	0.0	0.0	3.0	0.0	0.0	0.0	0.0	0.0	0.0	0.0	0.0	0.0	3.0	3.0	0.0	0.0	0.0	0.0	0.0	0.0	0.0	0.0	0.0	7.5	0.0	0.0	0.0	3.0	7.5	0.0	0.0	0.0	0.0	0.0	0.0	0.0	0.0	3.0	0.0	0.0	0.0	3.0	3.0	7.5	3.0	3.0	0.0	7.5	0.0	0.0	0.0	0.0	3.0	3.0	7.5	0.0	0.0	3.0	0.0	0.0	7.5	0.0	0.0	3.0	3.0	3.0	0.0	3.0	19.5	0.0	3.0	3.0
HELZ2	10.5	0.0	0.0	0.0	0.0	0.0	0.0	3.0	0.0	0.0	0.0	0.0	0.0	7.5	0.0	0.0	0.0	0.0	0.0	0.0	0.0	3.0	0.0	0.0	0.0	0.0	0.0	0.0	0.0	7.5	0.0	0.0	0.0	0.0	3.0	0.0	0.0	0.0	0.0	0.0	3.0	0.0	0.0	0.0	3.0	0.0	0.0	0.0	0.0	0.0	0.0	0.0	0.0	18.0	0.0	0.0	0.0	0.0	0.0	0.0	0.0	0.0	0.0	3.0	0.0	0.0	10.5	0.0	0.0	0.0	3.0	0.0	0.0	10.5	0.0	0.0	0.0	0.0	0.0	0.0	0.0	0.0	3.0	0.0	0.0	0.0	0.0	0.0	0.0	0.0	0.0	0.0	0.0	0.0	0.0	0.0	0.0	15.0	0.0	0.0	0.0
HERC2	0.0	3.0	18.0	3.0	10.5	0.0	18.0	0.0	18.0	18.0	0.0	0.0	3.0	0.0	6.0	0.0	25.5	0.0	0.0	3.0	0.0	10.5	10.5	3.0	0.0	0.0	0.0	10.5	3.0	18.0	13.5	0.0	3.0	3.0	13.5	13.5	10.5	6.0	0.0	13.5	6.0	0.0	0.0	13.5	6.0	18.0	3.0	0.0	0.0	0.0	28.5	0.0	6.0	0.0	0.0	6.0	0.0	3.0	0.0	3.0	0.0	0.0	6.0	13.5	6.0	6.0	0.0	13.5	6.0	18.0	10.5	21.0	3.0	3.0	10.5	0.0	33.0	3.0	10.5	13.5	6.0	6.0	0.0	18.0	6.0	10.5	25.5	0.0	0.0	3.0	6.0	3.0	0.0	6.0	0.0	10.5	0.0	10.5	10.5	0.0	0.0
HIVEP1	0.0	0.0	0.0	0.0	0.0	0.0	0.0	0.0	0.0	3.0	0.0	0.0	0.0	0.0	0.0	0.0	0.0	0.0	0.0	0.0	0.0	0.0	12.0	0.0	0.0	3.0	0.0	0.0	0.0	0.0	0.0	0.0	0.0	0.0	0.0	0.0	0.0	0.0	0.0	0.0	0.0	3.0	0.0	0.0	0.0	0.0	0.0	0.0	0.0	0.0	7.5	0.0	0.0	0.0	0.0	0.0	0.0	0.0	0.0	0.0	3.0	0.0	0.0	0.0	0.0	0.0	0.0	0.0	0.0	0.0	0.0	0.0	16.5	3.0	0.0	0.0	0.0	0.0	0.0	0.0	0.0	0.0	0.0	0.0	0.0	0.0	0.0	7.5	0.0	0.0	0.0	0.0	7.5	0.0	0.0	0.0	0.0	0.0	0.0	0.0	0.0
HIVEP2	21.0	7.5	21.0	7.5	3.0	16.5	7.5	3.0	7.5	0.0	7.5	0.0	12.0	16.5	7.5	0.0	3.0	0.0	0.0	0.0	3.0	0.0	16.5	0.0	0.0	16.5	3.0	0.0	12.0	12.0	3.0	0.0	0.0	0.0	0.0	0.0	0.0	0.0	0.0	0.0	7.5	7.5	0.0	0.0	0.0	0.0	3.0	0.0	0.0	0.0	0.0	3.0	12.0	3.0	0.0	16.5	3.0	0.0	7.5	7.5	0.0	0.0	0.0	0.0	25.5	0.0	21.0	3.0	7.5	3.0	0.0	0.0	70.5	3.0	30.0	0.0	12.0	3.0	12.0	3.0	12.0	0.0	0.0	3.0	0.0	0.0	0.0	16.5	0.0	7.5	3.0	12.0	12.0	0.0	3.0	0.0	0.0	61.5	0.0	3.0	0.0
IGF2R	36.0	57.0	18.0	51.0	153.0	39.0	18.0	109.5	103.5	73.5	66.0	27.0	118.5	109.5	0.0	3.0	48.0	12.0	144.0	0.0	30.0	162.0	24.0	30.0	6.0	217.5	63.0	76.5	66.0	60.0	63.0	12.0	39.0	0.0	73.5	109.5	45.0	51.0	85.5	36.0	27.0	118.5	15.0	6.0	21.0	54.0	159.0	24.0	3.0	66.0	51.0	9.0	73.5	97.5	18.0	57.0	54.0	6.0	12.0	66.0	18.0	0.0	70.5	3.0	63.0	3.0	54.0	60.0	39.0	15.0	42.0	48.0	195.0	42.0	103.5	0.0	12.0	36.0	73.5	18.0	12.0	3.0	48.0	76.5	3.0	6.0	15.0	88.5	0.0	0.0	82.5	63.0	118.5	133.5	54.0	159.0	18.0	189.0	9.0	60.0	6.0
IQGAP1	18.0	12.0	18.0	3.0	46.5	18.0	28.5	9.0	24.0	31.5	123.0	57.0	21.0	37.5	21.0	3.0	81.0	49.5	24.0	0.0	28.5	21.0	24.0	34.5	3.0	28.5	15.0	72.0	49.5	24.0	24.0	46.5	9.0	24.0	85.5	49.5	12.0	21.0	6.0	9.0	46.5	21.0	40.5	3.0	15.0	37.5	9.0	34.5	31.5	52.5	6.0	15.0	24.0	43.5	34.5	60.0	3.0	3.0	43.5	57.0	57.0	0.0	21.0	34.5	60.0	3.0	3.0	12.0	12.0	49.5	28.5	109.5	60.0	31.5	21.0	24.0	9.0	60.0	72.0	15.0	15.0	15.0	31.5	52.5	0.0	12.0	69.0	34.5	6.0	21.0	12.0	12.0	126.0	60.0	40.5	49.5	78.0	18.0	12.0	46.5	28.5
ITGA2	3.0	0.0	0.0	3.0	0.0	0.0	3.0	0.0	0.0	3.0	15.0	3.0	7.5	7.5	0.0	0.0	0.0	0.0	0.0	0.0	0.0	0.0	7.5	10.5	0.0	0.0	0.0	7.5	0.0	7.5	0.0	3.0	0.0	0.0	0.0	7.5	0.0	0.0	0.0	0.0	0.0	3.0	7.5	7.5	3.0	3.0	3.0	7.5	0.0	0.0	0.0	0.0	3.0	3.0	0.0	0.0	0.0	0.0	0.0	15.0	7.5	0.0	0.0	3.0	3.0	0.0	0.0	3.0	0.0	0.0	3.0	3.0	30.0	0.0	10.5	0.0	0.0	0.0	7.5	3.0	15.0	0.0	0.0	15.0	0.0	0.0	15.0	0.0	0.0	0.0	18.0	3.0	22.5	7.5	0.0	0.0	18.0	0.0	3.0	0.0	0.0
KIAA1147	0.0	0.0	0.0	0.0	3.0	0.0	0.0	3.0	3.0	0.0	0.0	0.0	0.0	0.0	0.0	0.0	0.0	0.0	0.0	0.0	0.0	0.0	0.0	0.0	0.0	3.0	0.0	0.0	0.0	0.0	0.0	0.0	0.0	0.0	0.0	0.0	0.0	0.0	0.0	0.0	0.0	0.0	0.0	0.0	0.0	0.0	0.0	0.0	0.0	0.0	0.0	0.0	3.0	3.0	0.0	0.0	0.0	0.0	0.0	0.0	0.0	0.0	0.0	0.0	3.0	0.0	0.0	0.0	0.0	0.0	0.0	0.0	0.0	0.0	3.0	0.0	0.0	0.0	0.0	0.0	0.0	0.0	3.0	0.0	0.0	0.0	0.0	0.0	0.0	0.0	7.5	0.0	0.0	0.0	0.0	0.0	0.0	0.0	0.0	0.0	0.0
KIAA1199	99.0	3.0	165.0	0.0	175.5	22.5	0.0	837.0	268.5	52.5	132.0	82.5	175.5	33.0	3.0	0.0	33.0	3.0	295.5	3.0	0.0	876.0	49.5	6.0	6.0	85.5	112.5	271.5	49.5	222.0	208.5	0.0	214.5	16.5	471.0	79.5	3.0	46.5	6.0	42.0	202.5	856.5	9.0	3.0	202.5	408.0	3.0	22.5	0.0	66.0	46.5	3.0	12.0	72.0	3.0	22.5	72.0	3.0	42.0	238.5	471.0	0.0	6.0	16.5	12.0	99.0	367.5	42.0	25.5	39.0	3.0	148.5	172.5	298.5	0.0	28.5	361.5	88.5	514.5	25.5	3.0	0.0	88.5	3.0	12.0	25.5	22.5	162.0	19.5	0.0	12.0	225.0	3.0	12.0	72.0	265.5	135.0	541.5	0.0	46.5	12.0
KIAA1462	27.0	36.0	24.0	36.0	24.0	73.5	24.0	6.0	0.0	12.0	33.0	6.0	45.0	45.0	9.0	27.0	18.0	6.0	15.0	24.0	9.0	0.0	0.0	24.0	0.0	15.0	45.0	3.0	39.0	39.0	6.0	9.0	9.0	61.5	21.0	9.0	33.0	9.0	12.0	15.0	6.0	0.0	12.0	24.0	12.0	24.0	9.0	12.0	15.0	79.5	39.0	0.0	45.0	55.5	33.0	9.0	24.0	27.0	30.0	30.0	9.0	24.0	0.0	18.0	33.0	0.0	15.0	3.0	36.0	12.0	12.0	0.0	30.0	0.0	9.0	9.0	33.0	51.0	30.0	15.0	100.5	12.0	18.0	12.0	3.0	18.0	18.0	6.0	6.0	21.0	9.0	9.0	3.0	27.0	9.0	12.0	51.0	18.0	12.0	0.0	0.0
KIAA2018	7.5	0.0	7.5	0.0	0.0	0.0	0.0	10.5	0.0	0.0	0.0	0.0	0.0	0.0	0.0	0.0	22.5	0.0	3.0	0.0	0.0	0.0	0.0	0.0	0.0	7.5	0.0	0.0	0.0	3.0	0.0	3.0	0.0	0.0	0.0	3.0	0.0	0.0	0.0	0.0	3.0	0.0	0.0	0.0	0.0	0.0	0.0	0.0	0.0	3.0	0.0	0.0	3.0	0.0	0.0	0.0	0.0	0.0	0.0	0.0	3.0	0.0	0.0	3.0	0.0	0.0	3.0	3.0	7.5	0.0	0.0	0.0	0.0	7.5	0.0	0.0	3.0	0.0	0.0	0.0	0.0	0.0	7.5	30.0	0.0	0.0	0.0	0.0	0.0	0.0	0.0	10.5	7.5	0.0	0.0	7.5	0.0	7.5	0.0	0.0	0.0
KIDINS220	12.0	15.0	0.0	0.0	3.0	15.0	0.0	0.0	3.0	0.0	0.0	0.0	0.0	31.5	0.0	0.0	12.0	19.5	7.5	0.0	0.0	0.0	0.0	0.0	0.0	3.0	19.5	12.0	3.0	12.0	0.0	19.5	12.0	0.0	3.0	3.0	36.0	0.0	28.5	15.0	0.0	19.5	12.0	3.0	3.0	0.0	15.0	28.5	0.0	0.0	12.0	7.5	0.0	12.0	0.0	0.0	24.0	0.0	3.0	19.5	0.0	0.0	15.0	24.0	24.0	0.0	3.0	3.0	24.0	0.0	3.0	7.5	12.0	0.0	3.0	0.0	0.0	0.0	3.0	0.0	0.0	15.0	0.0	3.0	0.0	0.0	45.0	12.0	3.0	15.0	24.0	3.0	12.0	3.0	7.5	3.0	7.5	0.0	0.0	12.0	0.0
KPNA4	7.5	3.0	0.0	3.0	15.0	0.0	3.0	7.5	3.0	0.0	12.0	0.0	3.0	3.0	0.0	0.0	0.0	0.0	0.0	0.0	0.0	3.0	3.0	0.0	0.0	0.0	0.0	0.0	0.0	0.0	7.5	0.0	0.0	0.0	12.0	0.0	3.0	0.0	3.0	0.0	0.0	0.0	0.0	0.0	3.0	7.5	3.0	3.0	0.0	0.0	0.0	0.0	12.0	0.0	0.0	0.0	24.0	0.0	7.5	3.0	0.0	0.0	0.0	3.0	3.0	0.0	0.0	12.0	0.0	0.0	15.0	12.0	3.0	0.0	15.0	0.0	12.0	3.0	0.0	0.0	0.0	3.0	7.5	0.0	0.0	0.0	3.0	0.0	0.0	0.0	7.5	0.0	15.0	7.5	0.0	0.0	3.0	7.5	0.0	0.0	12.0
LMTK2	0.0	3.0	7.5	0.0	0.0	3.0	0.0	7.5	0.0	7.5	0.0	0.0	3.0	0.0	0.0	0.0	0.0	0.0	0.0	0.0	0.0	3.0	0.0	0.0	0.0	0.0	0.0	3.0	0.0	7.5	7.5	7.5	0.0	0.0	0.0	12.0	0.0	0.0	0.0	0.0	0.0	0.0	3.0	0.0	3.0	0.0	3.0	0.0	0.0	7.5	0.0	0.0	0.0	0.0	0.0	0.0	0.0	3.0	3.0	19.5	3.0	0.0	0.0	0.0	0.0	0.0	12.0	24.0	7.5	0.0	0.0	0.0	15.0	0.0	19.5	0.0	0.0	0.0	15.0	0.0	0.0	0.0	7.5	7.5	0.0	0.0	0.0	7.5	0.0	0.0	0.0	12.0	0.0	0.0	3.0	12.0	0.0	3.0	3.0	0.0	0.0
LRP1	37.5	58.5	75.0	37.5	43.5	75.0	9.0	33.0	9.0	48.0	9.0	13.5	78.0	99.0	0.0	6.0	0.0	16.5	88.5	0.0	9.0	16.5	78.0	30.0	0.0	13.5	58.5	58.5	30.0	109.5	51.0	96.0	33.0	0.0	37.5	109.5	78.0	6.0	24.0	9.0	133.5	51.0	40.5	3.0	30.0	51.0	91.5	40.5	3.0	27.0	30.0	0.0	24.0	126.0	9.0	61.5	106.5	0.0	19.5	64.5	130.5	0.0	58.5	54.0	72.0	9.0	37.5	88.5	40.5	75.0	16.5	54.0	133.5	40.5	117.0	0.0	51.0	78.0	141.0	16.5	0.0	9.0	78.0	48.0	0.0	3.0	72.0	64.5	3.0	40.5	37.5	37.5	141.0	72.0	51.0	88.5	27.0	120.0	0.0	61.5	19.5
LUZP1	0.0	12.0	3.0	3.0	3.0	24.0	0.0	12.0	0.0	12.0	15.0	12.0	27.0	19.5	0.0	0.0	19.5	0.0	15.0	0.0	0.0	19.5	31.5	0.0	0.0	0.0	3.0	3.0	7.5	19.5	12.0	15.0	15.0	3.0	7.5	31.5	0.0	0.0	7.5	24.0	7.5	19.5	27.0	7.5	3.0	3.0	31.5	0.0	12.0	3.0	24.0	15.0	19.5	12.0	12.0	7.5	19.5	3.0	7.5	36.0	24.0	0.0	51.0	15.0	0.0	12.0	7.5	3.0	43.5	3.0	0.0	24.0	36.0	0.0	19.5	7.5	27.0	36.0	48.0	0.0	7.5	3.0	24.0	12.0	0.0	0.0	12.0	7.5	3.0	0.0	3.0	0.0	7.5	15.0	15.0	24.0	7.5	39.0	3.0	31.5	0.0
LYST	3.0	0.0	0.0	0.0	0.0	0.0	0.0	3.0	3.0	0.0	3.0	0.0	0.0	0.0	0.0	0.0	0.0	0.0	0.0	0.0	0.0	0.0	0.0	0.0	0.0	0.0	0.0	0.0	0.0	0.0	3.0	3.0	0.0	0.0	0.0	3.0	0.0	0.0	0.0	0.0	0.0	0.0	0.0	0.0	0.0	0.0	0.0	0.0	0.0	0.0	0.0	0.0	0.0	0.0	0.0	0.0	0.0	0.0	0.0	0.0	0.0	0.0	0.0	0.0	0.0	0.0	0.0	0.0	7.5	0.0	0.0	0.0	0.0	0.0	0.0	0.0	0.0	0.0	3.0	0.0	0.0	0.0	0.0	0.0	0.0	0.0	0.0	0.0	0.0	0.0	0.0	0.0	0.0	3.0	0.0	0.0	0.0	0.0	0.0	0.0	0.0
MALAT1	25.5	6.0	348.0	0.0	39.0	174.0	25.5	6.0	0.0	126.0	3.0	55.5	76.5	12.0	0.0	0.0	87.0	0.0	16.5	0.0	0.0	6.0	243.0	3.0	9.0	87.0	19.5	82.5	16.5	73.5	30.0	142.5	3.0	0.0	6.0	147.0	3.0	0.0	30.0	300.0	163.5	103.5	9.0	6.0	9.0	60.0	33.0	76.5	6.0	25.5	22.5	3.0	55.5	250.5	0.0	213.0	87.0	3.0	0.0	99.0	204.0	6.0	16.5	55.5	147.0	0.0	12.0	150.0	30.0	19.5	46.5	256.5	109.5	39.0	6.0	25.5	411.0	49.5	126.0	16.5	12.0	3.0	103.5	30.0	12.0	9.0	234.0	0.0	3.0	199.5	237.0	177.0	240.0	156.0	229.5	264.0	33.0	277.5	0.0	43.5	6.0
MAN1A2	3.0	0.0	10.5	7.5	0.0	3.0	0.0	7.5	0.0	7.5	0.0	10.5	22.5	22.5	0.0	3.0	7.5	3.0	0.0	0.0	0.0	15.0	7.5	0.0	0.0	0.0	7.5	3.0	0.0	3.0	3.0	3.0	0.0	0.0	15.0	7.5	7.5	7.5	0.0	0.0	3.0	10.5	0.0	3.0	0.0	0.0	7.5	0.0	3.0	0.0	3.0	3.0	0.0	0.0	0.0	7.5	7.5	0.0	0.0	22.5	7.5	0.0	3.0	0.0	0.0	0.0	19.5	0.0	0.0	3.0	0.0	0.0	22.5	3.0	0.0	3.0	0.0	0.0	3.0	0.0	0.0	3.0	0.0	3.0	3.0	0.0	0.0	0.0	3.0	0.0	0.0	0.0	10.5	3.0	15.0	10.5	3.0	0.0	0.0	0.0	0.0
MED14	0.0	3.0	0.0	7.5	0.0	0.0	0.0	0.0	0.0	0.0	3.0	0.0	7.5	0.0	0.0	0.0	0.0	0.0	0.0	0.0	0.0	0.0	0.0	0.0	0.0	3.0	0.0	0.0	0.0	0.0	3.0	0.0	0.0	0.0	0.0	0.0	0.0	0.0	3.0	0.0	0.0	3.0	0.0	0.0	3.0	0.0	3.0	7.5	0.0	0.0	7.5	0.0	0.0	0.0	0.0	0.0	0.0	0.0	0.0	0.0	0.0	0.0	0.0	3.0	7.5	3.0	0.0	0.0	0.0	7.5	0.0	0.0	0.0	3.0	0.0	0.0	0.0	7.5	3.0	0.0	0.0	0.0	15.0	0.0	0.0	0.0	0.0	3.0	0.0	0.0	0.0	7.5	7.5	0.0	3.0	0.0	0.0	3.0	0.0	3.0	3.0
MKI67	0.0	0.0	7.5	0.0	0.0	0.0	22.5	0.0	0.0	3.0	0.0	7.5	22.5	3.0	0.0	3.0	0.0	0.0	0.0	0.0	7.5	7.5	10.5	3.0	0.0	0.0	3.0	0.0	0.0	0.0	3.0	0.0	0.0	0.0	0.0	0.0	0.0	7.5	0.0	3.0	3.0	0.0	0.0	0.0	10.5	0.0	10.5	0.0	0.0	0.0	3.0	3.0	0.0	0.0	0.0	0.0	0.0	0.0	0.0	0.0	15.0	0.0	3.0	0.0	3.0	0.0	15.0	0.0	0.0	0.0	3.0	3.0	0.0	0.0	10.5	0.0	0.0	0.0	0.0	0.0	0.0	0.0	3.0	0.0	0.0	3.0	10.5	3.0	0.0	0.0	0.0	3.0	3.0	15.0	3.0	3.0	0.0	0.0	0.0	0.0	0.0
MYH10	27.0	97.5	39.0	63.0	33.0	63.0	48.0	24.0	94.5	45.0	91.5	148.5	54.0	48.0	9.0	24.0	21.0	12.0	15.0	3.0	3.0	51.0	36.0	69.0	12.0	21.0	36.0	15.0	42.0	78.0	3.0	121.5	57.0	24.0	21.0	94.5	15.0	54.0	48.0	21.0	57.0	30.0	15.0	18.0	24.0	33.0	24.0	60.0	57.0	15.0	15.0	75.0	57.0	82.5	42.0	45.0	75.0	21.0	42.0	121.5	157.5	9.0	39.0	9.0	21.0	21.0	12.0	42.0	66.0	66.0	106.5	115.5	78.0	6.0	15.0	66.0	66.0	112.5	100.5	21.0	60.0	106.5	24.0	39.0	18.0	30.0	66.0	42.0	18.0	48.0	6.0	121.5	82.5	109.5	30.0	82.5	100.5	63.0	48.0	112.5	66.0
NF1	3.0	7.5	7.5	3.0	63.0	10.5	0.0	15.0	22.5	15.0	10.5	27.0	22.5	15.0	10.5	10.5	7.5	3.0	0.0	0.0	0.0	7.5	10.5	3.0	0.0	27.0	15.0	3.0	15.0	3.0	46.5	19.5	0.0	22.5	19.5	19.5	7.5	3.0	75.0	22.5	10.5	7.5	3.0	3.0	19.5	10.5	15.0	0.0	10.5	34.5	3.0	7.5	27.0	10.5	7.5	31.5	22.5	10.5	7.5	43.5	70.5	0.0	0.0	55.5	34.5	7.5	7.5	19.5	19.5	31.5	7.5	27.0	39.0	10.5	0.0	3.0	15.0	7.5	31.5	10.5	22.5	19.5	34.5	31.5	3.0	15.0	10.5	7.5	15.0	10.5	0.0	46.5	27.0	27.0	34.5	27.0	3.0	15.0	19.5	0.0	22.5
NKTR	0.0	0.0	18.0	0.0	3.0	10.5	0.0	0.0	0.0	3.0	0.0	15.0	3.0	7.5	0.0	0.0	25.5	0.0	3.0	3.0	3.0	0.0	3.0	3.0	0.0	0.0	3.0	3.0	0.0	0.0	0.0	3.0	3.0	0.0	3.0	3.0	0.0	0.0	15.0	0.0	0.0	10.5	3.0	0.0	0.0	0.0	0.0	7.5	0.0	3.0	10.5	0.0	3.0	25.5	0.0	10.5	7.5	0.0	0.0	0.0	15.0	0.0	0.0	0.0	0.0	0.0	0.0	18.0	0.0	0.0	3.0	22.5	18.0	0.0	0.0	0.0	3.0	0.0	7.5	0.0	3.0	0.0	0.0	0.0	0.0	0.0	0.0	0.0	3.0	0.0	42.0	3.0	0.0	3.0	3.0	15.0	7.5	18.0	0.0	15.0	0.0
NOTCH2	0.0	0.0	0.0	0.0	7.5	0.0	0.0	3.0	7.5	0.0	0.0	7.5	0.0	0.0	0.0	0.0	0.0	0.0	0.0	0.0	10.5	0.0	3.0	3.0	0.0	0.0	0.0	3.0	0.0	0.0	3.0	0.0	0.0	0.0	3.0	3.0	0.0	0.0	0.0	0.0	0.0	0.0	0.0	0.0	0.0	0.0	3.0	0.0	0.0	0.0	0.0	0.0	0.0	0.0	0.0	10.5	10.5	3.0	0.0	3.0	0.0	0.0	3.0	0.0	0.0	0.0	3.0	0.0	10.5	0.0	0.0	7.5	7.5	0.0	0.0	0.0	10.5	7.5	0.0	3.0	3.0	7.5	0.0	0.0	0.0	0.0	3.0	3.0	0.0	3.0	0.0	19.5	0.0	3.0	15.0	0.0	3.0	0.0	0.0	3.0	0.0
NR4A1	10.5	3.0	6.0	0.0	0.0	0.0	0.0	3.0	0.0	0.0	6.0	0.0	3.0	0.0	0.0	6.0	6.0	0.0	21.0	0.0	0.0	0.0	0.0	6.0	0.0	24.0	0.0	3.0	0.0	0.0	0.0	0.0	0.0	0.0	0.0	10.5	13.5	13.5	0.0	0.0	0.0	16.5	0.0	0.0	3.0	3.0	31.5	3.0	0.0	16.5	13.5	3.0	0.0	0.0	3.0	13.5	0.0	0.0	0.0	6.0	34.5	3.0	21.0	0.0	16.5	3.0	0.0	42.0	6.0	0.0	21.0	39.0	0.0	3.0	10.5	3.0	10.5	3.0	0.0	0.0	13.5	6.0	34.5	28.5	3.0	3.0	0.0	13.5	0.0	10.5	28.5	6.0	34.5	13.5	16.5	10.5	6.0	28.5	0.0	0.0	0.0
NRIP1	0.0	3.0	7.5	0.0	3.0	0.0	3.0	0.0	0.0	0.0	7.5	3.0	40.5	0.0	0.0	0.0	7.5	0.0	3.0	0.0	0.0	15.0	0.0	3.0	0.0	3.0	0.0	0.0	7.5	3.0	0.0	0.0	0.0	0.0	12.0	0.0	0.0	0.0	0.0	0.0	3.0	3.0	0.0	0.0	0.0	0.0	0.0	0.0	0.0	0.0	0.0	0.0	27.0	0.0	0.0	3.0	12.0	0.0	3.0	0.0	3.0	0.0	3.0	3.0	3.0	0.0	0.0	3.0	15.0	0.0	0.0	24.0	36.0	3.0	0.0	0.0	3.0	0.0	27.0	0.0	0.0	0.0	36.0	0.0	0.0	0.0	12.0	0.0	0.0	7.5	3.0	3.0	15.0	0.0	3.0	0.0	0.0	3.0	0.0	19.5	0.0
NUMA1	21.0	13.5	61.5	79.5	13.5	69.0	0.0	18.0	10.5	84.0	0.0	18.0	51.0	46.5	0.0	0.0	31.5	0.0	0.0	0.0	3.0	25.5	90.0	10.5	0.0	64.5	10.5	28.5	3.0	79.5	79.5	58.5	36.0	6.0	21.0	148.5	21.0	0.0	51.0	6.0	97.5	36.0	36.0	0.0	54.0	31.5	21.0	0.0	3.0	87.0	6.0	0.0	90.0	135.0	0.0	72.0	142.5	10.5	0.0	94.5	31.5	3.0	61.5	25.5	21.0	10.5	6.0	112.5	10.5	13.5	39.0	64.5	109.5	31.5	58.5	0.0	138.0	0.0	120.0	3.0	0.0	0.0	51.0	18.0	0.0	3.0	69.0	127.5	0.0	43.5	94.5	76.5	36.0	61.5	36.0	127.5	3.0	219.0	0.0	18.0	0.0
NUP98	0.0	0.0	0.0	0.0	0.0	0.0	3.0	0.0	0.0	0.0	0.0	0.0	3.0	3.0	0.0	0.0	0.0	0.0	0.0	0.0	0.0	0.0	0.0	0.0	0.0	3.0	0.0	3.0	0.0	3.0	0.0	0.0	0.0	0.0	0.0	0.0	0.0	7.5	3.0	3.0	7.5	0.0	0.0	0.0	3.0	0.0	0.0	3.0	0.0	0.0	7.5	0.0	0.0	3.0	0.0	0.0	0.0	0.0	0.0	0.0	0.0	0.0	7.5	0.0	0.0	0.0	0.0	0.0	0.0	0.0	0.0	0.0	3.0	7.5	0.0	3.0	3.0	0.0	7.5	3.0	0.0	0.0	7.5	0.0	3.0	3.0	3.0	0.0	0.0	0.0	0.0	0.0	0.0	0.0	10.5	3.0	15.0	3.0	0.0	0.0	0.0
PAPPA	63.0	466.5	187.5	192.0	540.0	277.5	12.0	403.5	339.0	96.0	79.5	69.0	192.0	447.0	25.5	6.0	370.5	130.5	540.0	12.0	150.0	483.0	258.0	73.5	9.0	489.0	114.0	166.5	66.0	3.0	265.5	76.5	303.0	6.0	121.5	387.0	63.0	175.5	162.0	105.0	88.5	345.0	172.5	91.5	139.5	118.5	229.5	111.0	25.5	69.0	133.5	66.0	153.0	316.5	99.0	175.5	162.0	0.0	54.0	370.5	258.0	3.0	21.0	21.0	187.5	51.0	105.0	150.0	66.0	198.0	48.0	51.0	816.0	88.5	124.5	3.0	37.5	51.0	130.5	99.0	6.0	66.0	156.0	91.5	159.0	15.0	237.0	268.5	54.0	147.0	384.0	406.5	57.0	12.0	3.0	316.5	28.5	187.5	9.0	40.5	31.5
PCNX	10.5	22.5	0.0	15.0	7.5	45.0	0.0	52.5	7.5	7.5	22.5	3.0	18.0	25.5	3.0	0.0	34.5	7.5	37.5	0.0	0.0	18.0	42.0	0.0	0.0	30.0	3.0	7.5	3.0	7.5	7.5	10.5	3.0	0.0	10.5	10.5	3.0	7.5	22.5	3.0	10.5	15.0	7.5	7.5	3.0	7.5	15.0	0.0	0.0	0.0	7.5	3.0	10.5	42.0	3.0	7.5	18.0	0.0	0.0	52.5	34.5	0.0	0.0	0.0	10.5	0.0	18.0	34.5	7.5	10.5	3.0	0.0	91.5	0.0	18.0	3.0	37.5	7.5	10.5	3.0	3.0	7.5	7.5	22.5	10.5	18.0	22.5	22.5	0.0	0.0	7.5	10.5	30.0	7.5	3.0	42.0	10.5	25.5	10.5	0.0	7.5
PDS5A	22.5	10.5	7.5	0.0	39.0	42.0	7.5	27.0	27.0	22.5	3.0	34.5	10.5	15.0	7.5	15.0	10.5	15.0	27.0	0.0	3.0	42.0	7.5	22.5	0.0	27.0	19.5	19.5	10.5	22.5	42.0	7.5	0.0	0.0	7.5	49.5	19.5	22.5	27.0	15.0	15.0	22.5	27.0	19.5	19.5	19.5	22.5	19.5	19.5	7.5	19.5	7.5	15.0	10.5	0.0	54.0	3.0	7.5	7.5	46.5	15.0	7.5	15.0	10.5	0.0	3.0	0.0	42.0	30.0	3.0	22.5	0.0	15.0	10.5	10.5	10.5	42.0	10.5	30.0	0.0	58.5	15.0	15.0	7.5	22.5	0.0	54.0	27.0	22.5	10.5	54.0	15.0	34.5	30.0	0.0	49.5	15.0	30.0	3.0	10.5	30.0
PHIP	0.0	3.0	0.0	0.0	0.0	0.0	0.0	12.0	0.0	0.0	3.0	0.0	0.0	0.0	0.0	0.0	3.0	0.0	0.0	0.0	0.0	0.0	0.0	3.0	0.0	0.0	0.0	0.0	3.0	0.0	0.0	7.5	0.0	0.0	0.0	12.0	3.0	0.0	0.0	0.0	0.0	19.5	0.0	0.0	7.5	0.0	0.0	0.0	3.0	3.0	0.0	3.0	0.0	7.5	3.0	0.0	0.0	0.0	0.0	7.5	3.0	0.0	7.5	3.0	3.0	3.0	0.0	3.0	7.5	3.0	3.0	0.0	15.0	0.0	0.0	0.0	0.0	0.0	19.5	0.0	0.0	0.0	0.0	3.0	7.5	15.0	0.0	7.5	0.0	0.0	0.0	0.0	12.0	0.0	0.0	0.0	0.0	0.0	0.0	0.0	0.0
PIEZO1	0.0	16.5	3.0	0.0	0.0	3.0	3.0	3.0	13.5	13.5	19.5	0.0	13.5	3.0	0.0	3.0	37.5	3.0	22.5	0.0	0.0	0.0	0.0	0.0	0.0	3.0	6.0	0.0	6.0	0.0	16.5	0.0	0.0	0.0	37.5	0.0	9.0	9.0	0.0	16.5	13.5	60.0	46.5	9.0	0.0	9.0	6.0	43.5	6.0	9.0	6.0	6.0	9.0	40.5	0.0	0.0	67.5	0.0	3.0	40.5	3.0	3.0	0.0	6.0	6.0	9.0	9.0	16.5	9.0	13.5	9.0	3.0	0.0	16.5	3.0	6.0	3.0	6.0	9.0	27.0	3.0	16.5	22.5	33.0	0.0	0.0	6.0	16.5	3.0	13.5	9.0	0.0	6.0	6.0	13.5	3.0	13.5	0.0	16.5	0.0	16.5
PIK3CA	0.0	0.0	0.0	0.0	0.0	0.0	0.0	3.0	0.0	0.0	0.0	0.0	0.0	3.0	0.0	0.0	0.0	0.0	0.0	0.0	3.0	7.5	0.0	0.0	0.0	0.0	0.0	0.0	0.0	0.0	0.0	0.0	0.0	0.0	0.0	0.0	0.0	0.0	0.0	0.0	0.0	0.0	0.0	0.0	0.0	0.0	0.0	0.0	0.0	0.0	3.0	0.0	0.0	3.0	0.0	0.0	3.0	0.0	0.0	0.0	0.0	0.0	0.0	0.0	0.0	0.0	3.0	0.0	0.0	0.0	0.0	3.0	24.0	3.0	0.0	0.0	0.0	0.0	3.0	0.0	0.0	0.0	0.0	3.0	0.0	3.0	0.0	0.0	0.0	0.0	0.0	0.0	0.0	0.0	7.5	0.0	0.0	3.0	0.0	0.0	0.0
PLXNA1	0.0	0.0	0.0	0.0	0.0	0.0	0.0	3.0	0.0	0.0	7.5	0.0	0.0	0.0	0.0	0.0	0.0	0.0	0.0	0.0	0.0	3.0	3.0	0.0	0.0	0.0	0.0	19.5	0.0	7.5	0.0	0.0	3.0	0.0	0.0	0.0	12.0	0.0	12.0	0.0	0.0	19.5	3.0	0.0	0.0	0.0	3.0	7.5	0.0	0.0	0.0	0.0	0.0	3.0	3.0	0.0	0.0	0.0	0.0	3.0	15.0	0.0	0.0	0.0	0.0	3.0	0.0	12.0	0.0	0.0	0.0	0.0	0.0	7.5	0.0	0.0	0.0	0.0	0.0	3.0	0.0	0.0	0.0	0.0	0.0	0.0	0.0	0.0	0.0	0.0	0.0	0.0	0.0	0.0	0.0	0.0	7.5	0.0	0.0	0.0	0.0
POLQ	0.0	0.0	0.0	0.0	0.0	0.0	0.0	0.0	0.0	0.0	0.0	0.0	0.0	0.0	0.0	0.0	0.0	0.0	0.0	0.0	0.0	0.0	4.5	0.0	0.0	0.0	0.0	0.0	0.0	0.0	0.0	0.0	0.0	0.0	0.0	0.0	0.0	0.0	0.0	0.0	0.0	13.5	4.5	0.0	0.0	4.5	0.0	0.0	0.0	0.0	0.0	0.0	0.0	0.0	0.0	0.0	4.5	0.0	0.0	0.0	0.0	0.0	0.0	0.0	0.0	0.0	0.0	0.0	0.0	0.0	0.0	0.0	0.0	0.0	9.0	0.0	0.0	0.0	0.0	0.0	0.0	0.0	0.0	0.0	0.0	0.0	4.5	0.0	0.0	0.0	0.0	9.0	0.0	0.0	0.0	0.0	0.0	0.0	0.0	0.0	9.0
PRKCA	10.5	0.0	0.0	18.0	6.0	33.0	3.0	43.5	10.5	0.0	3.0	21.0	10.5	0.0	0.0	3.0	51.0	0.0	6.0	0.0	6.0	25.5	0.0	10.5	13.5	6.0	18.0	6.0	6.0	18.0	10.5	0.0	13.5	0.0	6.0	40.5	0.0	0.0	21.0	6.0	3.0	25.5	21.0	3.0	3.0	10.5	3.0	0.0	10.5	48.0	6.0	13.5	3.0	43.5	3.0	13.5	10.5	0.0	10.5	3.0	33.0	10.5	18.0	25.5	3.0	3.0	18.0	10.5	0.0	18.0	13.5	3.0	33.0	13.5	0.0	0.0	10.5	13.5	48.0	6.0	0.0	3.0	6.0	3.0	6.0	3.0	3.0	3.0	3.0	6.0	36.0	28.5	18.0	13.5	13.5	33.0	21.0	0.0	18.0	25.5	18.0
PRKDC	15.0	0.0	10.5	3.0	3.0	18.0	10.5	0.0	0.0	0.0	18.0	45.0	3.0	27.0	0.0	0.0	15.0	7.5	22.5	0.0	0.0	30.0	3.0	0.0	0.0	0.0	22.5	54.0	10.5	7.5	10.5	3.0	0.0	0.0	10.5	10.5	0.0	0.0	0.0	7.5	10.5	10.5	15.0	3.0	10.5	15.0	3.0	0.0	15.0	10.5	3.0	0.0	30.0	37.5	15.0	10.5	22.5	0.0	0.0	7.5	3.0	0.0	10.5	0.0	7.5	3.0	0.0	10.5	7.5	27.0	3.0	7.5	27.0	30.0	15.0	3.0	0.0	3.0	0.0	27.0	3.0	3.0	27.0	10.5	7.5	10.5	10.5	3.0	0.0	0.0	10.5	18.0	30.0	54.0	27.0	10.5	10.5	3.0	0.0	15.0	3.0
PRPF8	91.5	102.0	75.0	58.5	88.5	108.0	16.5	94.5	82.5	78.0	111.0	78.0	72.0	168.0	36.0	25.5	135.0	49.5	82.5	0.0	45.0	118.5	72.0	58.5	16.5	58.5	55.5	33.0	105.0	66.0	19.5	85.5	88.5	3.0	69.0	144.0	45.0	25.5	36.0	28.5	55.5	118.5	72.0	105.0	108.0	52.5	45.0	75.0	52.5	91.5	102.0	69.0	85.5	36.0	39.0	49.5	72.0	0.0	55.5	127.5	141.0	25.5	39.0	82.5	85.5	9.0	25.5	88.5	19.5	94.5	61.5	132.0	127.5	69.0	45.0	19.5	85.5	72.0	61.5	42.0	25.5	33.0	75.0	108.0	25.5	36.0	171.0	108.0	12.0	85.5	25.5	69.0	210.0	33.0	69.0	108.0	102.0	22.5	61.5	39.0	45.0
PRRC2B	33.0	36.0	16.5	28.5	22.5	96.0	19.5	39.0	28.5	6.0	69.0	22.5	33.0	16.5	19.5	6.0	85.5	16.5	72.0	3.0	22.5	33.0	42.0	33.0	16.5	82.5	33.0	12.0	39.0	19.5	33.0	39.0	69.0	6.0	46.5	52.5	3.0	36.0	42.0	42.0	39.0	0.0	33.0	72.0	46.5	66.0	75.0	82.5	0.0	46.5	19.5	9.0	0.0	58.5	25.5	42.0	58.5	3.0	9.0	85.5	42.0	0.0	12.0	22.5	42.0	0.0	25.5	82.5	55.5	36.0	46.5	102.0	178.5	33.0	36.0	33.0	115.5	46.5	22.5	22.5	12.0	16.5	58.5	69.0	12.0	0.0	69.0	85.5	16.5	63.0	63.0	6.0	49.5	0.0	22.5	75.0	36.0	19.5	6.0	22.5	6.0
PTPN14	18.0	33.0	13.5	39.0	33.0	3.0	0.0	39.0	6.0	3.0	28.5	6.0	33.0	33.0	0.0	6.0	21.0	6.0	25.5	3.0	0.0	21.0	46.5	10.5	0.0	36.0	43.5	3.0	28.5	36.0	13.5	6.0	10.5	0.0	109.5	25.5	18.0	21.0	46.5	36.0	51.0	46.5	18.0	28.5	43.5	10.5	0.0	18.0	6.0	39.0	0.0	6.0	21.0	33.0	18.0	13.5	36.0	0.0	33.0	66.0	0.0	3.0	3.0	0.0	10.5	0.0	0.0	21.0	66.0	6.0	46.5	28.5	33.0	21.0	3.0	0.0	39.0	10.5	36.0	18.0	13.5	10.5	21.0	51.0	13.5	6.0	36.0	54.0	3.0	46.5	10.5	46.5	87.0	13.5	25.5	10.5	25.5	0.0	6.0	6.0	21.0
QSER1	9.0	0.0	0.0	0.0	0.0	0.0	0.0	0.0	0.0	0.0	13.5	0.0	0.0	0.0	0.0	0.0	0.0	0.0	13.5	0.0	0.0	9.0	0.0	0.0	0.0	0.0	0.0	9.0	0.0	4.5	0.0	0.0	0.0	0.0	4.5	0.0	0.0	0.0	0.0	0.0	0.0	0.0	0.0	0.0	0.0	0.0	0.0	18.0	0.0	0.0	0.0	0.0	0.0	4.5	4.5	0.0	0.0	4.5	0.0	33.0	4.5	0.0	0.0	4.5	0.0	0.0	0.0	9.0	0.0	0.0	0.0	0.0	0.0	4.5	0.0	0.0	0.0	0.0	0.0	0.0	0.0	0.0	4.5	0.0	0.0	4.5	0.0	0.0	0.0	0.0	0.0	0.0	0.0	4.5	0.0	0.0	0.0	0.0	0.0	9.0	0.0
RAB3B	0.0	0.0	0.0	0.0	0.0	0.0	0.0	0.0	0.0	0.0	3.0	0.0	0.0	0.0	0.0	0.0	0.0	0.0	0.0	3.0	0.0	3.0	3.0	3.0	0.0	0.0	3.0	0.0	10.5	6.0	0.0	3.0	6.0	3.0	3.0	0.0	0.0	10.5	0.0	0.0	0.0	3.0	3.0	0.0	6.0	0.0	0.0	0.0	3.0	0.0	3.0	0.0	0.0	0.0	0.0	0.0	3.0	0.0	0.0	31.5	0.0	0.0	0.0	3.0	0.0	3.0	6.0	3.0	0.0	10.5	0.0	0.0	6.0	0.0	0.0	3.0	3.0	0.0	0.0	0.0	0.0	3.0	3.0	6.0	6.0	0.0	0.0	3.0	0.0	3.0	3.0	13.5	3.0	18.0	6.0	6.0	0.0	0.0	0.0	10.5	0.0
REV3L	0.0	0.0	0.0	3.0	7.5	7.5	0.0	7.5	0.0	0.0	7.5	0.0	0.0	0.0	0.0	0.0	0.0	7.5	0.0	0.0	3.0	3.0	7.5	10.5	0.0	0.0	0.0	0.0	0.0	0.0	3.0	3.0	3.0	3.0	0.0	3.0	3.0	0.0	3.0	0.0	0.0	0.0	15.0	0.0	3.0	10.5	0.0	0.0	7.5	10.5	3.0	0.0	10.5	3.0	0.0	0.0	7.5	3.0	7.5	3.0	7.5	0.0	3.0	0.0	3.0	10.5	0.0	0.0	3.0	0.0	3.0	3.0	3.0	0.0	0.0	0.0	10.5	10.5	15.0	0.0	3.0	3.0	0.0	0.0	3.0	3.0	3.0	0.0	3.0	3.0	3.0	0.0	10.5	0.0	0.0	3.0	0.0	3.0	0.0	3.0	0.0
RNF169	0.0	3.0	0.0	0.0	0.0	3.0	0.0	0.0	3.0	7.5	0.0	3.0	3.0	0.0	0.0	0.0	0.0	0.0	0.0	0.0	0.0	3.0	0.0	7.5	0.0	0.0	0.0	12.0	0.0	0.0	0.0	0.0	0.0	0.0	0.0	0.0	0.0	0.0	0.0	3.0	12.0	0.0	3.0	0.0	0.0	0.0	0.0	0.0	0.0	0.0	0.0	0.0	0.0	12.0	0.0	0.0	0.0	7.5	0.0	0.0	0.0	0.0	0.0	0.0	12.0	3.0	0.0	0.0	0.0	0.0	0.0	0.0	0.0	0.0	0.0	0.0	3.0	0.0	0.0	0.0	0.0	0.0	7.5	0.0	0.0	0.0	3.0	3.0	0.0	0.0	0.0	0.0	7.5	7.5	0.0	21.0	0.0	7.5	0.0	0.0	3.0
ROCK2	45.0	15.0	34.5	51.0	51.0	39.0	22.5	48.0	84.0	12.0	15.0	90.0	22.5	51.0	9.0	3.0	64.5	9.0	54.0	12.0	25.5	67.5	9.0	75.0	0.0	34.5	28.5	45.0	90.0	31.5	61.5	51.0	22.5	25.5	28.5	54.0	19.5	54.0	54.0	34.5	19.5	25.5	84.0	61.5	42.0	12.0	3.0	12.0	54.0	22.5	39.0	19.5	45.0	3.0	61.5	12.0	48.0	6.0	6.0	6.0	6.0	25.5	22.5	45.0	25.5	19.5	22.5	6.0	19.5	15.0	61.5	90.0	78.0	0.0	94.5	12.0	70.5	25.5	42.0	31.5	25.5	6.0	54.0	19.5	25.5	19.5	12.0	58.5	39.0	15.0	34.5	12.0	34.5	3.0	9.0	48.0	48.0	58.5	9.0	39.0	22.5
SCUBE3	0.0	19.5	0.0	15.0	7.5	19.5	3.0	3.0	19.5	24.0	76.5	3.0	31.5	31.5	0.0	0.0	3.0	0.0	48.0	0.0	27.0	24.0	48.0	19.5	0.0	3.0	0.0	48.0	12.0	0.0	3.0	3.0	15.0	0.0	0.0	0.0	7.5	19.5	27.0	0.0	12.0	12.0	19.5	12.0	19.5	0.0	27.0	24.0	7.5	40.5	0.0	7.5	0.0	7.5	31.5	67.5	0.0	0.0	0.0	72.0	24.0	0.0	7.5	15.0	3.0	3.0	0.0	15.0	36.0	12.0	12.0	27.0	72.0	7.5	7.5	12.0	3.0	48.0	3.0	0.0	0.0	0.0	0.0	0.0	15.0	0.0	31.5	43.5	0.0	3.0	7.5	12.0	36.0	3.0	3.0	24.0	27.0	3.0	0.0	36.0	12.0
SIPA1L3	16.5	12.0	3.0	0.0	0.0	3.0	0.0	0.0	16.5	3.0	0.0	0.0	7.5	7.5	0.0	7.5	3.0	0.0	0.0	0.0	0.0	7.5	7.5	16.5	0.0	0.0	0.0	3.0	7.5	3.0	0.0	3.0	0.0	0.0	3.0	0.0	0.0	3.0	7.5	0.0	0.0	7.5	3.0	0.0	7.5	0.0	0.0	0.0	3.0	3.0	3.0	0.0	7.5	12.0	16.5	21.0	7.5	0.0	3.0	7.5	0.0	3.0	7.5	3.0	12.0	0.0	3.0	16.5	21.0	0.0	16.5	0.0	12.0	3.0	3.0	0.0	3.0	0.0	30.0	3.0	0.0	0.0	7.5	3.0	0.0	3.0	12.0	0.0	0.0	0.0	3.0	48.0	0.0	0.0	3.0	0.0	7.5	12.0	0.0	3.0	34.5
SLC38A1	0.0	0.0	0.0	0.0	0.0	3.0	0.0	0.0	15.0	6.0	9.0	6.0	3.0	0.0	6.0	0.0	0.0	3.0	3.0	0.0	0.0	0.0	0.0	0.0	3.0	0.0	6.0	0.0	6.0	9.0	30.0	0.0	36.0	3.0	9.0	12.0	3.0	0.0	15.0	3.0	0.0	0.0	12.0	0.0	0.0	0.0	12.0	3.0	9.0	0.0	18.0	3.0	9.0	15.0	3.0	0.0	0.0	0.0	18.0	3.0	3.0	0.0	18.0	9.0	0.0	9.0	0.0	39.0	9.0	0.0	6.0	24.0	75.0	0.0	27.0	18.0	27.0	9.0	3.0	3.0	9.0	18.0	27.0	6.0	3.0	3.0	9.0	3.0	3.0	6.0	12.0	6.0	54.0	30.0	15.0	0.0	15.0	3.0	9.0	0.0	0.0
SLC5A3	0.0	9.0	0.0	0.0	4.5	0.0	0.0	4.5	0.0	0.0	0.0	0.0	0.0	0.0	0.0	0.0	0.0	0.0	0.0	0.0	0.0	0.0	0.0	0.0	0.0	0.0	0.0	0.0	0.0	0.0	0.0	0.0	0.0	0.0	0.0	0.0	0.0	0.0	0.0	0.0	0.0	0.0	0.0	0.0	0.0	0.0	0.0	0.0	0.0	0.0	0.0	0.0	0.0	0.0	0.0	4.5	0.0	0.0	0.0	0.0	9.0	0.0	9.0	0.0	0.0	0.0	13.5	0.0	13.5	0.0	0.0	0.0	9.0	0.0	0.0	0.0	0.0	0.0	4.5	0.0	0.0	0.0	0.0	0.0	0.0	0.0	0.0	0.0	0.0	9.0	0.0	0.0	0.0	4.5	0.0	0.0	0.0	4.5	0.0	0.0	0.0
SLC7A11	15.0	9.0	3.0	15.0	37.5	12.0	12.0	3.0	3.0	43.5	66.0	18.0	28.5	43.5	0.0	0.0	3.0	9.0	40.5	0.0	3.0	60.0	28.5	0.0	0.0	15.0	34.5	0.0	51.0	3.0	18.0	18.0	12.0	12.0	9.0	3.0	0.0	3.0	0.0	37.5	6.0	40.5	15.0	3.0	15.0	6.0	79.5	3.0	3.0	6.0	31.5	0.0	0.0	9.0	6.0	12.0	37.5	0.0	0.0	3.0	9.0	0.0	0.0	0.0	12.0	0.0	6.0	15.0	28.5	18.0	31.5	9.0	9.0	15.0	6.0	0.0	37.5	31.5	28.5	15.0	3.0	0.0	43.5	9.0	0.0	0.0	25.5	15.0	0.0	21.0	0.0	43.5	28.5	3.0	18.0	6.0	18.0	31.5	6.0	0.0	0.0
SMARCA5	51.0	33.0	0.0	3.0	9.0	39.0	0.0	21.0	21.0	33.0	36.0	27.0	21.0	15.0	3.0	6.0	18.0	3.0	6.0	9.0	6.0	0.0	33.0	0.0	9.0	15.0	0.0	3.0	21.0	21.0	6.0	15.0	6.0	0.0	3.0	9.0	0.0	3.0	6.0	3.0	12.0	12.0	42.0	18.0	33.0	0.0	42.0	24.0	3.0	0.0	15.0	3.0	21.0	18.0	3.0	12.0	21.0	3.0	24.0	33.0	51.0	12.0	42.0	0.0	15.0	0.0	6.0	15.0	6.0	9.0	45.0	21.0	57.0	0.0	9.0	12.0	9.0	3.0	42.0	15.0	6.0	12.0	9.0	42.0	21.0	3.0	27.0	27.0	0.0	9.0	15.0	9.0	6.0	12.0	33.0	33.0	27.0	30.0	3.0	3.0	21.0
SON	28.5	73.5	55.5	10.5	31.5	34.5	7.5	10.5	10.5	28.5	1.5	31.5	25.5	19.5	10.5	4.5	10.5	19.5	25.5	0.0	7.5	16.5	31.5	13.5	1.5	70.5	4.5	40.5	46.5	7.5	37.5	52.5	22.5	10.5	31.5	52.5	16.5	4.5	1.5	13.5	34.5	25.5	49.5	34.5	19.5	58.5	7.5	10.5	7.5	49.5	40.5	37.5	73.5	97.5	7.5	19.5	43.5	7.5	0.0	10.5	43.5	4.5	25.5	31.5	58.5	1.5	4.5	19.5	31.5	49.5	7.5	28.5	85.5	7.5	22.5	7.5	37.5	22.5	25.5	4.5	0.0	1.5	31.5	55.5	13.5	1.5	82.5	52.5	1.5	70.5	37.5	55.5	34.5	40.5	13.5	52.5	64.5	49.5	19.5	13.5	25.5
SPTAN1	81.0	87.0	69.0	31.5	66.0	21.0	3.0	55.5	37.5	42.0	69.0	55.5	42.0	87.0	34.5	55.5	16.5	48.0	16.5	3.0	13.5	63.0	55.5	84.0	0.0	91.5	73.5	87.0	81.0	55.5	10.5	48.0	42.0	45.0	73.5	34.5	34.5	48.0	21.0	66.0	10.5	37.5	37.5	81.0	112.5	45.0	21.0	76.5	21.0	76.5	27.0	45.0	52.5	52.5	21.0	6.0	48.0	3.0	24.0	94.5	76.5	13.5	58.5	48.0	16.5	0.0	63.0	27.0	6.0	21.0	6.0	27.0	31.5	10.5	13.5	10.5	63.0	34.5	52.5	31.5	58.5	24.0	21.0	24.0	21.0	16.5	58.5	69.0	52.5	13.5	55.5	37.5	84.0	13.5	13.5	73.5	76.5	31.5	27.0	34.5	24.0
SPTBN1	22.5	3.0	3.0	9.0	3.0	19.5	9.0	3.0	22.5	15.0	25.5	9.0	3.0	22.5	9.0	31.5	22.5	6.0	28.5	34.5	22.5	9.0	34.5	19.5	0.0	3.0	6.0	6.0	3.0	9.0	9.0	19.5	15.0	64.5	6.0	12.0	12.0	6.0	0.0	31.5	48.0	67.5	42.0	39.0	22.5	15.0	28.5	45.0	22.5	9.0	0.0	6.0	9.0	6.0	3.0	19.5	28.5	28.5	12.0	0.0	25.5	25.5	42.0	48.0	6.0	22.5	39.0	54.0	6.0	19.5	39.0	6.0	25.5	31.5	3.0	42.0	54.0	58.5	25.5	22.5	22.5	15.0	3.0	12.0	25.5	9.0	6.0	31.5	3.0	9.0	0.0	12.0	6.0	3.0	22.5	12.0	45.0	0.0	19.5	15.0	45.0
SRRM2	67.5	33.0	46.5	24.0	24.0	33.0	36.0	64.5	49.5	43.5	24.0	55.5	114.0	55.5	6.0	3.0	52.5	21.0	30.0	6.0	27.0	18.0	90.0	33.0	0.0	61.5	55.5	67.5	79.5	67.5	67.5	99.0	36.0	6.0	82.5	21.0	27.0	12.0	93.0	61.5	55.5	46.5	55.5	82.5	76.5	58.5	70.5	49.5	39.0	87.0	61.5	27.0	79.5	126.0	73.5	114.0	70.5	30.0	21.0	55.5	21.0	9.0	76.5	61.5	142.5	24.0	33.0	105.0	64.5	46.5	76.5	49.5	70.5	18.0	49.5	52.5	73.5	49.5	79.5	33.0	12.0	21.0	64.5	64.5	15.0	3.0	49.5	49.5	0.0	105.0	49.5	33.0	43.5	46.5	36.0	67.5	21.0	76.5	3.0	43.5	18.0
SSH1	39.0	3.0	27.0	10.5	7.5	15.0	10.5	0.0	3.0	31.5	27.0	15.0	19.5	3.0	0.0	3.0	7.5	7.5	15.0	0.0	3.0	3.0	22.5	0.0	0.0	19.5	7.5	3.0	3.0	34.5	0.0	3.0	3.0	0.0	10.5	15.0	3.0	3.0	15.0	22.5	7.5	15.0	3.0	7.5	10.5	3.0	10.5	15.0	10.5	0.0	0.0	7.5	3.0	27.0	0.0	43.5	10.5	0.0	3.0	22.5	46.5	0.0	0.0	7.5	0.0	7.5	0.0	27.0	7.5	3.0	3.0	7.5	63.0	0.0	15.0	0.0	15.0	10.5	7.5	0.0	10.5	7.5	27.0	19.5	0.0	7.5	22.5	15.0	0.0	31.5	10.5	3.0	7.5	3.0	0.0	0.0	22.5	0.0	0.0	10.5	22.5
STARD9	0.0	0.0	0.0	0.0	0.0	0.0	0.0	0.0	0.0	0.0	0.0	0.0	7.5	0.0	0.0	0.0	0.0	0.0	0.0	0.0	0.0	0.0	0.0	0.0	0.0	0.0	0.0	0.0	0.0	0.0	0.0	0.0	0.0	0.0	0.0	0.0	0.0	0.0	0.0	0.0	3.0	0.0	3.0	0.0	0.0	0.0	0.0	0.0	0.0	0.0	0.0	0.0	0.0	0.0	0.0	3.0	0.0	0.0	0.0	3.0	3.0	0.0	0.0	0.0	0.0	0.0	3.0	0.0	0.0	3.0	0.0	0.0	3.0	0.0	0.0	0.0	3.0	0.0	0.0	0.0	0.0	0.0	0.0	0.0	0.0	0.0	3.0	0.0	0.0	0.0	0.0	0.0	16.5	0.0	0.0	0.0	0.0	0.0	0.0	0.0	0.0
SVEP1	0.0	22.5	67.5	0.0	0.0	183.0	22.5	79.5	0.0	76.5	37.5	18.0	87.0	37.5	0.0	0.0	0.0	3.0	70.5	3.0	0.0	28.5	60.0	9.0	0.0	3.0	48.0	70.5	45.0	79.5	18.0	45.0	60.0	0.0	18.0	121.5	37.5	45.0	9.0	9.0	34.5	70.5	12.0	9.0	15.0	12.0	109.5	28.5	0.0	42.0	79.5	12.0	12.0	34.5	0.0	48.0	70.5	0.0	3.0	15.0	99.0	0.0	54.0	37.5	12.0	3.0	18.0	15.0	93.0	60.0	6.0	37.5	67.5	6.0	45.0	15.0	51.0	42.0	300.0	22.5	6.0	31.5	154.5	18.0	12.0	3.0	57.0	60.0	12.0	45.0	96.0	118.5	6.0	54.0	64.5	57.0	22.5	129.0	0.0	99.0	9.0
TEAD1	94.5	207.0	85.5	78.0	81.0	138.0	3.0	102.0	72.0	91.5	39.0	61.5	118.5	94.5	25.5	19.5	75.0	108.0	45.0	0.0	9.0	118.5	124.5	97.5	19.5	127.5	111.0	118.5	55.5	85.5	157.5	64.5	111.0	19.5	150.0	138.0	52.5	114.0	118.5	72.0	69.0	111.0	69.0	81.0	124.5	85.5	48.0	105.0	22.5	127.5	144.0	64.5	108.0	114.0	52.5	121.5	138.0	9.0	64.5	177.0	154.5	19.5	58.5	138.0	118.5	22.5	81.0	256.5	52.5	45.0	111.0	108.0	97.5	94.5	94.5	102.0	256.5	166.5	138.0	69.0	75.0	48.0	105.0	94.5	31.5	19.5	177.0	118.5	22.5	52.5	19.5	61.5	97.5	61.5	48.0	124.5	114.0	58.5	85.5	121.5	58.5
THBS1	2299.5	1269.0	957.0	2268.0	1407.0	1144.5	579.0	6153.0	2776.5	1318.5	1303.5	867.0	1530.0	1209.0	555.0	559.5	1908.0	852.0	1122.0	225.0	1005.0	3546.0	1903.5	1287.0	451.5	2872.5	1252.5	2973.0	1006.5	1191.0	3351.0	1417.5	2130.0	1011.0	2385.0	1513.5	1333.5	1360.5	2703.0	1264.5	1791.0	3169.5	1188.0	1609.5	1879.5	1290.0	1314.0	1002.0	964.5	1453.5	2137.5	1336.5	1908.0	1710.0	898.5	1263.0	1380.0	807.0	670.5	1041.0	2412.0	483.0	1186.5	1194.0	2137.5	2065.5	2373.0	1353.0	1765.5	1867.5	1534.5	2014.5	1914.0	2766.0	2304.0	1233.0	2284.5	1134.0	3066.0	1569.0	1221.0	1191.0	1711.5	2133.0	1048.5	847.5	2622.0	3343.5	591.0	1221.0	2866.5	2715.0	1594.5	1141.5	1752.0	1099.5	1791.0	1972.5	814.5	1276.5	798.0
THSD4	0.0	7.5	0.0	0.0	3.0	15.0	0.0	15.0	0.0	3.0	7.5	15.0	7.5	0.0	0.0	3.0	58.5	10.5	0.0	0.0	0.0	0.0	19.5	0.0	0.0	0.0	30.0	27.0	3.0	0.0	0.0	0.0	7.5	0.0	19.5	7.5	3.0	0.0	0.0	3.0	3.0	30.0	3.0	0.0	3.0	0.0	7.5	34.5	3.0	46.5	15.0	10.5	10.5	15.0	0.0	0.0	15.0	0.0	0.0	3.0	3.0	0.0	66.0	7.5	22.5	3.0	0.0	0.0	15.0	3.0	3.0	39.0	7.5	3.0	30.0	0.0	34.5	19.5	3.0	3.0	3.0	0.0	22.5	3.0	0.0	0.0	3.0	0.0	0.0	0.0	0.0	0.0	0.0	3.0	3.0	3.0	27.0	0.0	0.0	15.0	10.5
TLN1	145.5	249.0	139.5	64.5	103.5	115.5	34.5	133.5	121.5	88.5	333.0	121.5	130.5	133.5	28.5	34.5	166.5	49.5	64.5	13.5	28.5	205.5	139.5	70.5	31.5	139.5	94.5	282.0	61.5	190.5	100.5	109.5	115.5	1.5	163.5	97.5	169.5	121.5	100.5	82.5	106.5	249.0	357.0	232.5	127.5	157.5	79.5	187.5	88.5	288.0	70.5	94.5	106.5	100.5	157.5	127.5	130.5	19.5	106.5	258.0	187.5	16.5	193.5	127.5	91.5	43.5	154.5	16.5	109.5	76.5	121.5	109.5	297.0	118.5	133.5	91.5	211.5	267.0	220.5	175.5	70.5	118.5	136.5	85.5	16.5	16.5	100.5	130.5	58.5	133.5	61.5	139.5	190.5	82.5	46.5	145.5	360.0	58.5	136.5	288.0	172.5
TMOD2	0.0	0.0	0.0	0.0	0.0	0.0	0.0	0.0	0.0	0.0	0.0	0.0	0.0	0.0	0.0	0.0	0.0	0.0	0.0	0.0	0.0	0.0	0.0	0.0	0.0	0.0	0.0	0.0	0.0	0.0	0.0	3.0	0.0	0.0	0.0	0.0	0.0	0.0	3.0	0.0	3.0	0.0	0.0	0.0	0.0	0.0	0.0	0.0	0.0	0.0	0.0	0.0	0.0	12.0	0.0	3.0	0.0	0.0	0.0	0.0	0.0	0.0	3.0	0.0	0.0	0.0	0.0	0.0	3.0	0.0	0.0	0.0	0.0	7.5	0.0	0.0	0.0	0.0	0.0	0.0	0.0	0.0	0.0	0.0	0.0	0.0	0.0	0.0	0.0	0.0	0.0	0.0	0.0	0.0	0.0	7.5	3.0	0.0	0.0	0.0	0.0
TNC	546.0	10.5	394.5	105.0	315.0	339.0	0.0	94.5	84.0	105.0	318.0	150.0	336.0	34.5	0.0	0.0	3.0	24.0	34.5	0.0	3.0	90.0	66.0	87.0	3.0	90.0	52.5	310.5	126.0	732.0	192.0	630.0	438.0	24.0	42.0	346.5	157.5	142.5	0.0	142.5	202.5	115.5	205.5	34.5	381.0	753.0	304.5	472.5	34.5	675.0	115.5	16.5	10.5	279.0	142.5	535.5	34.5	16.5	27.0	331.5	48.0	3.0	934.5	538.5	262.5	13.5	84.0	42.0	118.5	87.0	178.5	160.5	490.5	184.5	199.5	3.0	55.5	654.0	69.0	105.0	27.0	21.0	31.5	52.5	6.0	45.0	76.5	163.5	21.0	153.0	48.0	76.5	84.0	669.0	199.5	10.5	34.5	237.0	3.0	991.5	363.0
TNRC6A	13.5	6.0	13.5	3.0	0.0	3.0	6.0	0.0	10.5	3.0	10.5	21.0	6.0	0.0	0.0	0.0	3.0	0.0	0.0	0.0	3.0	3.0	6.0	0.0	3.0	6.0	0.0	6.0	0.0	3.0	3.0	6.0	3.0	0.0	0.0	3.0	3.0	0.0	6.0	3.0	3.0	13.5	3.0	0.0	0.0	10.5	0.0	10.5	3.0	0.0	3.0	0.0	13.5	0.0	0.0	0.0	6.0	0.0	0.0	0.0	13.5	0.0	28.5	10.5	6.0	0.0	0.0	3.0	0.0	6.0	0.0	6.0	3.0	21.0	6.0	0.0	0.0	0.0	28.5	13.5	3.0	6.0	0.0	10.5	6.0	0.0	6.0	6.0	0.0	0.0	0.0	0.0	10.5	0.0	3.0	13.5	18.0	13.5	3.0	0.0	0.0
TPR	19.5	39.0	3.0	7.5	58.5	7.5	3.0	63.0	31.5	31.5	70.5	10.5	34.5	75.0	22.5	15.0	55.5	3.0	10.5	10.5	3.0	34.5	19.5	27.0	10.5	0.0	66.0	39.0	3.0	22.5	39.0	39.0	34.5	51.0	10.5	39.0	7.5	0.0	39.0	22.5	10.5	15.0	10.5	27.0	15.0	19.5	15.0	0.0	34.5	10.5	0.0	3.0	31.5	27.0	51.0	7.5	22.5	3.0	19.5	31.5	3.0	10.5	10.5	34.5	22.5	3.0	15.0	58.5	22.5	27.0	15.0	10.5	43.5	3.0	19.5	10.5	46.5	7.5	58.5	7.5	10.5	10.5	10.5	34.5	10.5	22.5	0.0	0.0	3.0	27.0	27.0	34.5	31.5	15.0	22.5	31.5	78.0	46.5	27.0	34.5	0.0
UBR2	3.0	0.0	0.0	0.0	0.0	12.0	0.0	0.0	0.0	0.0	3.0	0.0	3.0	12.0	0.0	0.0	0.0	0.0	0.0	0.0	0.0	7.5	0.0	0.0	0.0	21.0	0.0	0.0	0.0	3.0	0.0	0.0	0.0	0.0	0.0	0.0	3.0	0.0	0.0	0.0	0.0	0.0	0.0	0.0	0.0	0.0	3.0	0.0	0.0	0.0	3.0	0.0	0.0	3.0	0.0	0.0	0.0	0.0	0.0	12.0	0.0	0.0	0.0	0.0	0.0	0.0	3.0	3.0	0.0	3.0	0.0	0.0	0.0	0.0	0.0	0.0	12.0	0.0	0.0	0.0	3.0	0.0	7.5	3.0	0.0	0.0	0.0	0.0	0.0	0.0	0.0	0.0	0.0	3.0	0.0	3.0	0.0	0.0	0.0	3.0	0.0
UBR5	9.0	6.0	18.0	21.0	3.0	15.0	33.0	6.0	27.0	57.0	12.0	15.0	30.0	12.0	3.0	3.0	6.0	6.0	24.0	0.0	9.0	3.0	12.0	24.0	9.0	0.0	27.0	18.0	6.0	15.0	30.0	48.0	9.0	24.0	3.0	39.0	9.0	15.0	21.0	6.0	6.0	0.0	9.0	18.0	6.0	21.0	3.0	6.0	3.0	15.0	6.0	15.0	24.0	45.0	30.0	48.0	21.0	0.0	9.0	42.0	9.0	18.0	39.0	33.0	0.0	3.0	36.0	12.0	63.0	18.0	12.0	6.0	66.0	39.0	6.0	9.0	36.0	6.0	48.0	6.0	21.0	6.0	0.0	30.0	6.0	15.0	21.0	24.0	15.0	15.0	12.0	12.0	3.0	18.0	3.0	51.0	18.0	12.0	24.0	30.0	18.0
USP24	0.0	0.0	3.0	0.0	0.0	16.5	0.0	28.5	0.0	0.0	0.0	3.0	0.0	0.0	0.0	0.0	0.0	0.0	7.5	0.0	3.0	7.5	19.5	16.5	0.0	0.0	0.0	0.0	0.0	7.5	3.0	12.0	0.0	0.0	0.0	0.0	0.0	0.0	16.5	3.0	3.0	0.0	16.5	0.0	0.0	3.0	16.5	3.0	28.5	3.0	0.0	7.5	0.0	7.5	12.0	3.0	3.0	0.0	0.0	7.5	19.5	3.0	0.0	0.0	0.0	0.0	7.5	3.0	0.0	0.0	7.5	12.0	36.0	0.0	0.0	0.0	3.0	16.5	7.5	0.0	0.0	0.0	3.0	24.0	0.0	0.0	3.0	0.0	0.0	0.0	3.0	0.0	0.0	12.0	0.0	16.5	0.0	0.0	3.0	3.0	0.0
USP34	15.0	7.5	0.0	7.5	15.0	0.0	0.0	12.0	0.0	19.5	12.0	0.0	7.5	24.0	7.5	3.0	0.0	0.0	3.0	15.0	3.0	0.0	3.0	3.0	0.0	0.0	0.0	7.5	36.0	3.0	3.0	3.0	3.0	19.5	12.0	0.0	3.0	3.0	19.5	3.0	7.5	0.0	28.5	7.5	19.5	0.0	7.5	12.0	24.0	0.0	19.5	7.5	0.0	0.0	36.0	3.0	12.0	3.0	0.0	3.0	0.0	0.0	0.0	3.0	7.5	12.0	0.0	12.0	0.0	0.0	3.0	3.0	0.0	15.0	12.0	12.0	3.0	7.5	0.0	0.0	0.0	0.0	3.0	0.0	3.0	24.0	31.5	12.0	0.0	0.0	0.0	12.0	0.0	0.0	0.0	7.5	15.0	0.0	12.0	0.0	7.5
USP9X	19.5	6.0	6.0	9.0	13.5	27.0	0.0	13.5	16.5	0.0	9.0	27.0	9.0	6.0	0.0	13.5	13.5	3.0	19.5	3.0	3.0	16.5	27.0	6.0	0.0	16.5	13.5	0.0	9.0	27.0	30.0	37.5	13.5	6.0	13.5	24.0	13.5	13.5	9.0	6.0	13.5	30.0	45.0	9.0	16.5	9.0	27.0	13.5	3.0	0.0	9.0	0.0	6.0	13.5	19.5	3.0	0.0	13.5	19.5	6.0	9.0	3.0	9.0	24.0	16.5	27.0	3.0	3.0	37.5	19.5	51.0	0.0	13.5	30.0	9.0	51.0	27.0	16.5	16.5	3.0	13.5	3.0	9.0	6.0	16.5	13.5	6.0	9.0	9.0	0.0	13.5	27.0	19.5	19.5	0.0	0.0	34.5	3.0	0.0	16.5	3.0
VCAN	0.0	0.0	0.0	0.0	3.0	0.0	6.0	0.0	0.0	9.0	12.0	0.0	0.0	0.0	0.0	0.0	3.0	9.0	0.0	0.0	6.0	0.0	21.0	0.0	0.0	0.0	0.0	6.0	0.0	0.0	0.0	0.0	3.0	0.0	3.0	18.0	3.0	0.0	3.0	0.0	0.0	9.0	0.0	6.0	3.0	0.0	6.0	0.0	0.0	15.0	3.0	9.0	6.0	9.0	27.0	0.0	0.0	12.0	6.0	0.0	0.0	0.0	43.5	6.0	9.0	0.0	6.0	0.0	0.0	12.0	3.0	15.0	18.0	0.0	24.0	6.0	15.0	46.5	21.0	0.0	24.0	3.0	0.0	6.0	6.0	3.0	46.5	43.5	6.0	3.0	0.0	24.0	75.0	0.0	27.0	18.0	18.0	12.0	6.0	3.0	3.0
VPS13A	0.0	15.0	0.0	3.0	0.0	3.0	3.0	3.0	0.0	0.0	10.5	0.0	0.0	0.0	0.0	0.0	3.0	0.0	0.0	3.0	0.0	15.0	0.0	0.0	0.0	0.0	7.5	3.0	0.0	0.0	0.0	3.0	0.0	0.0	7.5	7.5	0.0	0.0	0.0	3.0	0.0	0.0	3.0	3.0	0.0	0.0	3.0	0.0	0.0	0.0	0.0	0.0	7.5	3.0	15.0	7.5	0.0	0.0	0.0	3.0	7.5	0.0	3.0	15.0	0.0	0.0	0.0	0.0	0.0	7.5	0.0	0.0	0.0	0.0	0.0	0.0	3.0	10.5	3.0	0.0	0.0	0.0	0.0	0.0	0.0	0.0	0.0	0.0	0.0	0.0	0.0	0.0	10.5	0.0	3.0	0.0	7.5	0.0	10.5	0.0	0.0
VPS13D	0.0	15.0	3.0	0.0	0.0	10.5	0.0	25.5	0.0	7.5	7.5	10.5	7.5	0.0	0.0	0.0	7.5	0.0	0.0	0.0	0.0	7.5	15.0	0.0	0.0	22.5	15.0	10.5	0.0	22.5	18.0	0.0	7.5	0.0	3.0	10.5	3.0	0.0	0.0	0.0	15.0	0.0	42.0	0.0	7.5	0.0	0.0	25.5	3.0	0.0	7.5	3.0	3.0	0.0	3.0	18.0	0.0	0.0	25.5	0.0	0.0	0.0	0.0	10.5	3.0	3.0	22.5	10.5	3.0	25.5	3.0	0.0	15.0	10.5	18.0	0.0	22.5	0.0	0.0	10.5	0.0	3.0	3.0	30.0	0.0	0.0	0.0	25.5	3.0	10.5	10.5	3.0	3.0	3.0	0.0	0.0	3.0	7.5	0.0	0.0	3.0
ZC3H13	12.0	40.5	7.5	3.0	3.0	7.5	12.0	52.5	15.0	12.0	24.0	7.5	3.0	3.0	12.0	19.5	3.0	43.5	15.0	19.5	12.0	3.0	24.0	36.0	0.0	3.0	28.5	3.0	0.0	3.0	0.0	36.0	0.0	64.5	19.5	7.5	0.0	7.5	3.0	19.5	7.5	0.0	0.0	7.5	7.5	31.5	3.0	3.0	24.0	28.5	43.5	0.0	24.0	19.5	12.0	7.5	28.5	3.0	12.0	24.0	7.5	48.0	7.5	28.5	36.0	0.0	19.5	15.0	7.5	3.0	7.5	3.0	24.0	28.5	0.0	0.0	40.5	3.0	3.0	19.5	15.0	3.0	24.0	31.5	12.0	19.5	0.0	12.0	3.0	15.0	15.0	3.0	3.0	7.5	43.5	0.0	76.5	64.5	12.0	0.0	0.0
ZFC3H1	3.0	3.0	3.0	0.0	16.5	7.5	7.5	7.5	12.0	0.0	3.0	3.0	0.0	37.5	7.5	0.0	12.0	0.0	0.0	0.0	7.5	0.0	3.0	3.0	0.0	7.5	0.0	7.5	0.0	16.5	0.0	0.0	0.0	3.0	12.0	7.5	0.0	0.0	3.0	0.0	3.0	12.0	0.0	3.0	0.0	3.0	3.0	0.0	3.0	0.0	0.0	3.0	3.0	21.0	3.0	0.0	24.0	0.0	0.0	28.5	3.0	0.0	12.0	3.0	0.0	3.0	3.0	12.0	28.5	21.0	16.5	0.0	3.0	7.5	16.5	0.0	7.5	7.5	3.0	0.0	0.0	12.0	75.0	3.0	0.0	0.0	0.0	33.0	3.0	3.0	0.0	0.0	7.5	3.0	3.0	33.0	28.5	28.5	28.5	7.5	7.5
ZKSCAN2	0.0	3.0	0.0	0.0	3.0	0.0	0.0	12.0	0.0	0.0	0.0	0.0	3.0	0.0	0.0	0.0	0.0	0.0	0.0	0.0	0.0	0.0	16.5	0.0	0.0	0.0	0.0	0.0	0.0	0.0	0.0	0.0	3.0	0.0	0.0	0.0	0.0	0.0	0.0	3.0	0.0	12.0	0.0	0.0	3.0	3.0	0.0	0.0	3.0	7.5	0.0	7.5	0.0	0.0	3.0	0.0	0.0	0.0	0.0	3.0	0.0	0.0	0.0	0.0	0.0	0.0	0.0	0.0	0.0	0.0	0.0	0.0	7.5	0.0	0.0	0.0	0.0	7.5	0.0	0.0	0.0	0.0	0.0	0.0	0.0	0.0	0.0	12.0	0.0	0.0	3.0	0.0	0.0	0.0	0.0	0.0	3.0	0.0	0.0	0.0	7.5
